# The number of letters
26
# The number of states
45
# The initial transitions
0.0298835102674
3.25086319021e-09
6.06736139748e-57
1.74085743955e-163
0.0288446407939
0.00312902067119
0.0615418481656
3.69858602515e-92
0.265389342777
0.0251140780822
8.65363305337e-188
0.0282545735011
0.0662822707129
3.09897187252e-18
0.00589516453481
0.00821209007425
1.19737071804e-15
1.36045747927e-46
0.00060580613705
0.0139037737518
8.57423352362e-117
0.0722127528133
4.14383493008e-61
0.00163354351253
0.116263523579
6.0746481723e-69
6.81355604415e-22
4.19149279417e-53
0.084601112929
1.10183327296e-130
2.27691517952e-26
4.60329016707e-34
1.2202775066e-72
0.0022600056976
0.00161139870888
1.04675738526e-20
2.58494431538e-56
0.0495170944523
9.13667383224e-28
3.80291257522e-09
5.72845684332e-51
0.0797457964059
1.18418482028e-125
6.71347108417e-23
0.0550986453781
# The internal transitions
1.48611173945e-188 0.109025957656 4.57850952489e-195 0.0 0.0371795069239 2.06389278522e-05 1.62041668285e-20 6.54362652144e-313 0.16507428079 5.35680574429e-46 3.30498032701e-219 2.3384411096e-137 2.20010011252e-308 1.65912999824e-24 0.169596419445 2.15532437838e-239 1.49044917997e-31 7.17798758593e-254 8.40478690053e-25 3.20077537647e-155 1.24483931048e-23 2.4910396276e-163 8.47379810305e-245 0.0829427838637 7.24846776726e-170 2.95709445941e-16 0.0306026204349 0.284531984752 0.0 0.0 1.83389870869e-66 0.0 3.9820661658e-279 1.48002678855e-179 0.0358886794037 5.71619563185e-53 1.22469453281e-120 3.9870185117e-21 3.20598369068e-146 6.13659101894e-23 0.0787475889968 1.20624732926e-103 0.00638953880669 1.40803125874e-188 7.72160185946e-50 
2.46402157686e-228 7.04304159691e-164 1.08965165312e-05 3.10049290437e-11 1.16874496409e-153 0.00959820614652 7.64666642148e-95 8.15035963503e-58 1.20887884219e-39 6.690401663e-161 1.55334136988e-47 3.86172324575e-64 7.85118953148e-29 6.13256758444e-33 1.51496688545e-42 4.68235711306e-105 9.08314250508e-08 1.08447783994e-68 8.31867730355e-170 0.0 1.15204331581e-30 2.36935113685e-76 4.66322368203e-48 0.548403117044 0.0298398706811 7.60290916246e-30 7.21971910336e-69 6.70243621543e-63 1.78809526834e-50 7.34787407623e-29 1.53700977959e-163 0.0175264256696 0.0556699806072 0.132228786058 1.10493513018e-13 3.88311692652e-43 2.38641678338e-05 0.0387060071639 0.0179984592164 2.64799113517e-79 0.0523126213452 5.64798956598e-133 0.000154263915311 0.0719350523015 0.0255923583046 
8.56433576247e-16 5.60262568713e-67 1.10709653537e-33 5.47459660654e-52 2.39542728313e-33 5.18363583262e-35 4.01053181258e-27 1.9416121439e-269 0.0421626936352 3.72019690802e-31 1.27066145323e-273 5.50950350764e-120 0.0362089791753 0.00547360073918 8.98116745889e-10 5.96170393015e-185 0.0373602585698 4.32170624722e-130 1.74255803902e-42 0.0178023579803 4.79395806115e-31 0.000437705772512 4.61361741693e-16 0.120476671693 0.0313322746833 5.64034202549e-19 1.36291497803e-92 4.6676651786e-31 6.70804579784e-30 0.0 4.52274473152e-65 4.63842680224e-19 0.0162883420533 0.0200486324963 5.52184871178e-30 3.03876353789e-70 9.34644105439e-06 4.57023110737e-50 0.0684943300582 4.74549021505e-30 0.0113934837057 9.35197049255e-24 1.81454594619e-23 0.548498202421 0.0440131196776 
0.0441584953973 1.27429359096e-63 3.698418939e-41 5.26442131935e-51 4.97553779967e-43 0.366017493282 0.0311990983919 9.05865335712e-145 1.83375378828e-12 5.40821806374e-16 3.90892092071e-196 1.28691168441e-10 0.0583698633724 4.02580733287e-50 7.59834177391e-05 6.20523097296e-115 8.7284156651e-14 3.9160652833e-48 1.1879297752e-45 1.00351188585e-172 3.68259734422e-37 0.0075910929339 0.324660575998 3.12973954817e-25 0.012067937812 0.0834665242888 5.5315967289e-77 1.75858312581e-31 0.0243261257617 2.11435774922e-260 3.41176221981e-55 1.60800216162e-21 0.0214870036091 0.00435125563113 2.96324676704e-28 5.85124190023e-25 5.83442319761e-17 1.58331222536e-69 5.47719993485e-36 1.32013954278e-51 1.72677824854e-10 0.00364508226101 0.0185834675395 1.3531531232e-27 1.27852939398e-16 
3.75806929938e-50 7.46975150006e-48 6.40255245496e-11 1.92579988569e-09 7.37508012521e-51 0.0523847998537 8.20838116814e-39 0.00326996257572 1.17273881155e-22 3.69773996325e-49 3.87721134269e-15 1.32062941536e-51 1.83116426988e-31 3.78640922206e-49 7.03836340479e-48 3.43419383384e-31 2.52534584811e-75 1.44672550573e-47 2.32429287361e-59 0.0 0.0316118685677 2.48003805283e-76 0.0350014938512 1.35196093306e-22 0.00272730296058 7.85964657734e-16 1.7310813965e-41 0.0287917569544 3.62192715916e-08 0.0237415828587 1.23375150243e-47 2.81221846524e-17 6.70783869571e-16 3.12034848259e-26 2.33199743762e-40 4.34796911072e-22 0.761741922878 3.51511413704e-15 5.77887075243e-155 9.53196110837e-80 1.00015701618e-30 7.09133708e-64 2.71084119286e-45 0.0607292712907 3.07905607136e-55 
3.60939494465e-162 4.89948088821e-40 3.38815044574e-109 2.58734558747e-206 1.89896431389e-14 2.17940305057e-124 2.22274459978e-61 1.32409461015e-107 3.34522468921e-57 0.574018698716 2.4593537272e-244 0.0479435467476 2.42683374304e-90 3.61948782574e-31 0.307311570952 0.00976389227669 7.22111331907e-44 3.29874135825e-156 7.99124502718e-08 2.05637357298e-35 5.06130103401e-58 2.0499825916e-124 1.09279723632e-142 0.0264548980414 2.78838300429e-37 2.41454865977e-41 4.47547911991e-27 0.0138197383147 1.58313739672e-207 6.51752212903e-233 9.76010563604e-20 7.3966191613e-137 4.33557208868e-216 4.83661579866e-154 5.99552598013e-61 2.60232597758e-16 1.41621397697e-99 3.01863077519e-08 2.01244675058e-89 3.98524859547e-59 2.31399380821e-49 1.11934908851e-139 0.015590491301 0.00509705355149 2.39777954616e-70 
9.20984239926e-216 5.16420220445e-24 7.30226515125e-80 9.89958353568e-125 0.433116915162 3.336647691e-118 2.99724753712e-81 8.48040777681e-96 3.85838632471e-116 7.7771351092e-06 2.03643848525e-165 2.83365484338e-36 9.47979986733e-53 2.26248087413e-09 1.12865448097e-23 2.39149654816e-38 8.03338684888e-06 2.36791325893e-119 0.0114632089656 2.69544758946e-11 1.42584049335e-83 0.331481941015 3.53628386182e-210 8.5047053072e-45 4.20046016876e-194 4.01392032971e-79 1.51030061901e-93 1.80409510479e-30 4.35617095392e-136 3.02733452417e-169 2.32854468689e-12 4.58033809529e-56 7.21205445449e-118 3.28929330681e-177 4.81786679504e-10 5.3107815547e-60 3.20766956425e-07 0.223921791435 9.13030213605e-09 3.27368621056e-83 4.05942526868e-78 2.52385707881e-159 2.28952936598e-10 1.6563974102e-60 8.98236216546e-97 
0.0186379007469 8.42040853517e-26 1.44709234551e-20 1.12684157517e-09 0.00956766168523 0.0259123216868 0.207227585865 1.71392732622e-69 0.0881798729556 0.0376006188993 8.21105603369e-111 0.0335670320079 0.13489213071 7.30820902894e-42 0.0383710319178 0.0111761439249 5.6238328235e-36 5.07227411976e-49 1.71265418668e-20 1.87918427477e-73 0.00973631261743 0.0306055884422 5.55435552878e-21 0.0135829285414 0.0482095140388 0.0554743730618 2.72259301195e-49 4.60786822348e-72 0.0588222466079 1.00719991432e-92 2.56318625373e-25 4.04353346359e-21 1.41941163723e-15 1.48414790806e-28 6.12524574035e-67 2.53963748899e-15 1.38837957302e-48 0.0488607578319 0.0143257487737 5.67421215375e-18 1.03942534843e-12 0.00732614850598 3.99707141635e-74 0.0866338875902 0.0212901924608 
3.88211527359e-59 2.49198074511e-27 1.26132309431e-34 2.06369122121e-64 0.244081823082 1.34780780002e-103 1.03660071196e-117 1.18256380802e-30 1.77015064893e-70 9.39137628394e-10 3.90762902857e-61 6.3179651338e-101 1.20354632131e-177 0.239417697905 0.00610197346041 9.91697919597e-50 9.03127037281e-06 1.09402033864e-241 0.00625875393517 7.85518626039e-14 2.26171742316e-145 1.66689619885e-11 2.76602047115e-185 3.87281301169e-14 5.40319543017e-178 1.5573005354e-117 1.72918773183e-151 6.86012210554e-14 6.13404747521e-180 2.59778828138e-254 2.15753455456e-15 3.60549513381e-184 1.13703537553e-116 1.6525288111e-100 0.388369665536 3.59852360007e-87 2.23757349942e-27 0.033774967807 8.63601988831e-06 2.56510108311e-119 4.77856581648e-91 1.07404537499e-199 0.0819774500279 3.711159162e-52 8.67764069575e-42 
1.51642351339e-64 0.00434122746154 0.0490448707972 1.46896038109e-08 5.72368024708e-06 1.30814377335e-73 1.05599919511e-46 0.701206253279 1.98749399938e-29 3.35606196303e-05 0.115175024543 6.19612948486e-26 2.67642912445e-18 2.34391741736e-66 1.44791777095e-09 3.92817894638e-12 3.94317246413e-72 0.020998345294 3.44625630782e-16 0.0 8.52646087259e-09 0.00314933572929 2.72728250018e-72 2.04348116823e-31 9.43665568218e-57 0.0320487554234 3.83354019819e-38 7.3463153995e-27 3.75889816254e-48 9.88356265669e-23 0.00149632950122 0.0724995690449 5.9545797602e-58 3.41881905573e-109 6.18564299031e-59 9.78953024371e-07 4.02324810284e-18 2.54494077177e-33 4.02191442293e-52 8.01528638205e-31 3.89492540622e-12 7.01303124573e-99 1.16868857213e-53 1.00267198729e-09 4.43997965271e-59 
9.85749190902e-64 4.90576056131e-80 4.2396920866e-29 1.948287027e-67 3.48430081543e-75 0.109331538006 0.0271968062678 7.5020551183e-144 0.011090384733 2.43700193842e-82 1.32831047224e-22 9.30947075524e-13 0.0242827483214 4.35036094707e-53 1.19189907043e-36 2.82893923026e-88 2.69763687969e-62 8.95732109634e-107 0.00778468296386 8.70230810257e-89 3.53071006754e-27 4.68549785438e-40 0.0843533471397 1.34206973506e-07 1.7767551925e-18 0.00087275919588 0.528196429422 6.63137235798e-103 1.69374478696e-12 1.43494207224e-209 1.343536812e-44 2.97760346644e-12 0.00308775228079 0.0441366274268 1.29051289436e-74 4.49885023573e-41 3.48208912032e-34 1.01662256798e-19 0.00606833994065 1.95192514838e-23 0.153598450091 6.53158138031e-87 2.49438558085e-33 3.46541124892e-24 2.70359821159e-55 
2.12197129916e-168 0.117466716723 7.85320323746e-142 1.01928687024e-187 0.0916664626572 1.3188716008e-100 3.88116049512e-96 5.19207324365e-261 2.49936573303e-106 9.59350870578e-32 1.69289987698e-173 2.86465169514e-139 4.56055848738e-124 5.95054640135e-21 1.04890914932e-36 1.58578686114e-218 0.275728399174 7.45572143104e-155 1.65074745549e-07 3.43776541869e-16 1.17426833935e-150 0.0990747147159 8.46728992748e-81 0.278800178473 2.16181426779e-123 9.00734655925e-135 6.20004089116e-151 5.08457892956e-05 1.26921353647e-91 2.2470445507e-238 6.76093630271e-38 1.45491030107e-130 6.72468217419e-98 4.90734333466e-148 5.70759273652e-32 3.7418177023e-134 7.53587461467e-19 0.0462944066226 8.10697214951e-15 3.34764802236e-159 3.70621258068e-138 1.40767866176e-166 0.0909181107711 2.43877856054e-130 8.16270355523e-163 
0.00931465313383 1.90920659758e-40 0.0 2.76600270155e-287 3.39009767139e-10 1.89599490254e-83 5.16991625089e-42 5.72071478497e-150 4.47621330396e-78 6.33177424894e-36 6.14416243456e-191 1.16983287504e-76 7.23547804619e-124 0.2178793401 4.19980997047e-70 1.51128354622e-93 1.37519001458e-39 2.70055679708e-69 0.00997424741658 4.3965256696e-10 2.62123610531e-69 1.5653274305e-61 3.6427897678e-90 4.59008146139e-13 0.0108876811123 3.24689362398e-23 1.68333392041e-87 1.25002426445e-52 1.88951933557e-70 6.75115773074e-126 1.33418148243e-37 1.49544413165e-92 6.18125761356e-96 0.275225064417 4.20706955874e-20 7.3234030977e-260 4.35412164576e-167 1.04363898889e-43 0.00513738642049 5.77811298565e-34 0.316512598767 5.01031204059e-70 1.11543550083e-41 2.88260221488e-121 0.155069027854 
0.0142084061971 1.64960517598e-97 0.12589642603 0.0595833656532 6.09752240904e-82 0.0118178792337 0.0138232204794 3.89542857809e-07 0.0321147270823 4.93683068432e-63 0.0371612773896 0.000142467126715 6.51888381517e-38 3.03889434349e-83 1.4285049363e-82 6.1619904948e-15 1.8692528331e-102 1.75050810008e-16 1.49786330198e-56 1.96026414008e-149 0.217508113711 1.60674009064e-89 0.0865781241796 2.41643901477e-58 7.32488169911e-23 8.61252087585e-12 1.07110500657e-26 4.33602895628e-65 0.00826148068043 9.57806002945e-23 3.61116750247e-65 1.45633276783e-13 6.17916453827e-21 0.369296505727 3.96116063882e-71 2.33509919903e-11 1.49324406106e-06 3.08978903006e-61 5.56377357589e-140 7.85276881498e-17 1.41985804705e-05 0.0126189776268 7.52490970236e-18 9.05921847227e-07 0.0109720415622 
5.31376237369e-193 1.18836913421e-08 1.13302031844e-08 0.938984172272 1.41865871726e-10 1.08972591474e-63 1.18500860584e-44 0.000895359659984 1.24579343785e-29 6.22748148085e-12 1.90347688069e-10 2.81639689139e-27 5.61543374726e-16 1.6243580994e-68 4.79270557247e-16 3.26175558585e-11 2.66907199148e-58 2.03629785008e-15 3.72355788465e-21 2.46944940735e-302 0.012179101673 2.12861132138e-76 2.38211825564e-15 5.46792403473e-37 1.80236251006e-42 2.72647219957e-10 5.32610364242e-17 2.22210746818e-57 3.90537199715e-06 7.24475780762e-09 2.79280956369e-10 5.41006497623e-08 1.79579338729e-19 7.05189773907e-114 1.39255110368e-49 0.000478015670117 7.28569260858e-25 1.25738223332e-41 2.43432310605e-142 4.0862759035e-45 8.30805462017e-22 6.835082417e-87 1.05416258329e-67 0.047459359871 2.85124863346e-70 
5.83403946338e-179 0.373755981745 5.26933938032e-118 2.71086936323e-81 1.76054910973e-14 1.35686304674e-179 3.7401068042e-121 2.71116040525e-205 1.91907383011e-143 1.85507327525e-49 1.04127133718e-213 9.08053042348e-77 3.21157678495e-218 0.332980664587 0.00967796122554 2.45459006865e-192 0.0227519457082 1.428775713e-187 1.27777405572e-09 0.075740656019 2.60777716501e-180 1.00729504145e-17 1.97786509255e-165 1.73600228134e-22 2.972930616e-203 1.07901381391e-100 1.0005256401e-162 2.65718591312e-20 3.86590549749e-130 6.16110634683e-260 4.19048020289e-18 2.41306431454e-211 8.95699155296e-132 1.6398097114e-103 1.94082010204e-30 3.25379076139e-106 1.44826431587e-65 0.00763158070876 0.13916675686 6.10325636082e-178 3.09457894788e-161 2.06014395681e-234 0.0382944518685 1.56290052926e-77 6.90202487917e-192 
0.00813372953973 0.0 1.31389663335e-23 0.280989299744 5.19699238735e-204 0.0456295411967 3.51105840888e-28 0.0968159510471 5.00122354423e-29 3.25414689787e-171 0.00674955642902 1.66548371104e-35 6.25183260403e-24 1.86577613711e-53 8.98004455928e-179 4.57867432723e-35 2.10321553048e-12 2.4364640454e-06 4.8357064846e-157 6.84754479638e-189 0.0701854450684 0.0268645698692 0.229230563834 2.79350565895e-172 0.0769468169662 2.92024955223e-12 4.81100849211e-38 2.67388244099e-26 2.20642502879e-77 3.54692238194e-56 2.72666153615e-200 0.0466074528621 0.0761001880439 1.62745872111e-51 5.385639735e-15 8.20259695096e-49 3.73122221848e-82 6.72690734032e-91 0.0357444484752 2.54730092854e-10 2.00243777445e-10 2.00190621905e-48 2.3192185579e-198 9.62441277866e-30 1.81740860136e-42 
3.37026314128e-10 5.84147118848e-17 2.58759133922e-78 1.78973029324e-172 0.0940029132182 0.00033124094135 0.011904731655 4.26516391329e-96 0.0558627129741 0.068790555502 2.71745996304e-200 0.0424479964193 0.00831703691731 2.03902344004e-22 0.254312994648 6.63595947192e-17 4.97495845579e-12 6.47396730875e-177 2.13936469744e-09 2.81970161304e-57 2.97265227566e-22 1.12210774734e-10 4.2000815362e-237 0.0134105940799 7.68883051824e-103 0.204191293375 4.99980557291e-45 0.0122367740784 0.0140191911156 0.0 0.00885688393762 1.78649044562e-07 1.60181138152e-155 1.194443924e-214 3.6747556675e-66 2.46386187087e-37 8.52746916111e-30 0.00752398905579 0.0875243459129 1.65574291895e-17 0.110214069147 1.97315724366e-55 0.0060524561732 3.96068079033e-08 2.56923242473e-43 
3.58190658715e-118 2.58896746069e-150 3.07998910271e-27 0.0827330957644 1.07104943074e-138 0.119786587753 7.21870964258e-44 7.11320663443e-21 1.43901397742e-39 1.27249167368e-96 0.10342627392 1.15978102478e-29 4.5581274328e-37 5.10593177187e-114 9.16401866443e-140 2.8289792904e-32 1.31312535194e-169 3.57278547072e-28 2.67420432005e-131 9.03582156598e-191 4.89844867311e-34 4.76832364552e-99 0.0397582343311 1.64842161942e-137 8.26321985544e-23 2.85532865236e-06 0.0714096207037 1.09792064213e-110 4.89249280075e-28 7.25740670136e-92 1.65977253937e-129 0.0196201010575 1.81633438309e-32 7.55782298023e-91 8.16742814058e-88 0.183982033053 4.24742525081e-48 9.11118967989e-114 5.40727734078e-166 1.93058352469e-53 0.0296140431119 2.01285456381e-93 3.69331150594e-128 0.349667154977 8.83829855351e-70 
2.30830074543e-79 6.19218560598e-275 0.150530773335 0.0179072917927 4.70746577068e-216 0.0448288670385 8.16376057836e-40 0.31050962346 5.47840160254e-42 1.3667768828e-230 0.0596544201585 0.0574679805 3.12798471812e-34 1.37439256606e-149 4.03212157728e-180 2.07525497466e-53 1.71101622898e-162 4.51575191388e-100 3.89577786573e-227 2.22951826063e-200 7.96298054852e-37 1.968156591e-178 1.1170282438e-95 4.02207917888e-222 1.20310730156e-23 0.0170754224695 0.0129083791435 1.84405972395e-119 0.0463286122907 2.89340183688e-12 3.29741314152e-221 0.0896707520049 0.169545046399 4.13341696925e-30 3.33810717101e-201 4.77339260635e-14 6.5887960203e-72 8.57171686431e-155 4.05747966473e-81 5.68741692752e-36 1.70729393991e-30 0.00867006470312 1.79524379317e-181 0.0149027667014 3.13197776079e-25 
0.471828928054 4.83749789698e-53 2.2821676133e-199 1.35164966781e-184 0.0213534289728 1.41450176213e-62 0.0184437017187 3.18125236539e-148 5.17317708723e-19 0.0420739887454 2.49982363453e-278 0.0117040704649 0.000346084317224 2.39664443968e-69 1.78238008707e-16 6.71076272234e-70 0.04984605127 1.03985282588e-57 3.02758632317e-34 9.94324014706e-103 5.2065531148e-13 1.4072455616e-38 1.12805131045e-54 1.44334536346e-86 0.0356257239879 0.290525318865 2.07267582991e-70 2.85945654236e-15 4.21471641999e-134 0.0 7.41723574626e-58 6.44006627274e-99 9.95004400369e-68 7.07127168749e-105 2.4323018123e-37 2.69388775687e-95 8.96973380559e-92 1.69605710578e-54 0.0181193182912 1.35935882375e-44 0.040133385312 3.63001157615e-131 1.33959796852e-46 5.60087362277e-75 1.27054885228e-61 
2.01908579839e-53 2.67168649539e-246 2.33647794764e-14 0.303622881852 8.56677043035e-223 9.89551018702e-80 4.09678374518e-52 0.0706292810327 1.96196064603e-66 4.16514585028e-230 0.162286417665 3.24693678278e-81 3.70674327894e-39 6.34935954428e-99 5.69303487629e-161 3.46591049548e-61 2.93472306111e-78 1.75965382034e-130 9.81858428285e-177 8.01455975314e-191 2.51294983193e-21 2.86334662373e-173 9.72704692287e-11 2.72888994744e-160 0.0142244304474 4.53426442402e-40 1.62787795679e-36 0.309439245104 1.36797313634e-105 2.36761337277e-64 5.17117381125e-235 2.10053346675e-13 0.0172400890858 0.00547814367036 1.76855614578e-155 2.19855266898e-45 1.02609184522e-48 4.88168719733e-76 6.93943223099e-185 9.11140789505e-26 1.73011726346e-51 2.01384722964e-155 1.05797385625e-158 0.110810644498 0.00626886654678 
0.0 7.64252730625e-51 3.73425600568e-184 3.48163796766e-254 5.2550003763e-25 4.49880088816e-90 0.0182029211921 4.60573017975e-136 1.09515828578e-56 0.0640778967079 8.86270203785e-258 0.0191687800689 0.0495637440358 1.1718624503e-42 0.615359158878 0.0247443111338 0.0145294576261 0.0102028565769 3.28028707938e-06 4.01713535289e-23 6.44753236703e-22 0.0195145938218 1.1594129909e-236 1.17925117722e-68 1.34426919361e-181 0.000171963123524 2.04707735338e-38 1.62646487832e-10 9.76913901804e-28 0.0 0.0271503712631 2.95545900875e-14 5.42403402364e-145 3.08959281442e-184 2.55512127105e-20 3.53589924013e-51 3.32960385792e-139 1.47280052346e-23 4.62835513898e-68 3.58725898035e-10 0.137310664763 2.09832935462e-142 4.46513368523e-13 1.01199166452e-27 8.6292682715e-35 
0.00799386041034 3.46933102561e-75 9.53347873945e-43 1.07612065943e-26 4.68172498297e-40 5.83452881034e-49 0.0453948084148 6.31705634595e-165 2.26895816022e-54 6.07647348162e-39 4.74751353574e-81 0.0037669472575 6.46332498747e-12 3.11739575908e-53 0.00652550329565 1.38328941033e-101 6.25602411863e-83 6.95702659838e-05 5.33518276148e-12 1.21127697974e-93 1.20857612291e-17 0.00865720283521 0.18710684766 1.85391948028e-161 1.11230136223e-26 5.51660715615e-13 6.49579435079e-52 1.60254071882e-187 0.0176932348816 2.12898755601e-100 2.32543522523e-29 0.0848610032813 0.0235842472922 0.37747234447 1.05211702539e-06 1.19604482555e-65 4.93019506048e-83 2.64892902833e-143 5.66568153504e-60 0.188890443384 0.034819467849 3.29487952124e-69 2.36835044685e-175 0.0131634665721 1.51566476517e-36 
4.28461242018e-291 4.37619804409e-42 1.09227841793e-79 1.60146464602e-134 3.96881253158e-18 3.03868276274e-164 4.35529514084e-83 3.34025630813e-72 1.78145121708e-105 8.15149024356e-05 7.96304302131e-214 0.13747389047 4.49015698186e-81 0.0169527530766 5.16985869043e-23 6.72064929915e-19 1.45133009424e-06 1.99406424553e-80 5.36769825662e-12 4.09927793097e-13 9.4947536887e-117 0.0894806100287 1.87969239121e-195 3.81771666158e-41 1.03518712192e-215 3.90293921944e-46 4.67816318726e-100 6.65111406971e-10 7.80401585245e-288 0.0 0.612247226088 6.50580627185e-87 1.7491631739e-187 6.2245447862e-149 2.29757598272e-16 0.0224023227123 2.20654854019e-34 0.0837450638115 1.97768906755e-54 3.63164915924e-89 9.38200151817e-119 7.54174191191e-214 0.0376151669094 5.46972406763e-21 7.40887800305e-125 
7.63118155487e-16 2.39414513247e-25 2.22705082253e-157 3.24855300094e-231 0.0189936027898 5.74340438203e-62 0.00177981497709 2.72946753654e-83 0.134826233018 0.297703081501 3.3544701519e-254 0.0742226525621 0.161704303183 3.48601665949e-17 0.11822670676 5.10547936064e-26 2.16547522429e-15 3.04096818982e-52 9.70146350775e-09 0.0523789279487 3.37149168335e-82 1.71467454931e-30 2.43113254003e-54 0.0687610072609 0.0445668089926 3.10710547935e-43 0.0147079532764 3.82377463681e-130 3.34133688843e-74 0.0 1.48212301767e-26 7.9583975401e-45 3.68990256987e-194 3.01437063568e-177 1.12321461117e-47 1.75020444207e-45 2.0244524829e-86 8.31354738187e-38 1.58759017874e-54 1.02193474578e-65 2.86454033501e-68 1.82323614716e-85 1.60689732564e-114 4.73830791567e-68 0.012128898028 
8.1535299384e-186 0.0171012522811 4.37868276149e-140 4.38999704064e-211 0.0408884676175 1.80259163222e-76 2.01190761051e-20 1.32762031483e-198 1.89577712065e-26 0.173189973314 2.69354157354e-166 9.88508196263e-45 0.0562605612426 7.99129806447e-45 0.500437700624 2.16866376693e-75 2.26495691753e-18 1.24904427551e-200 6.49121048412e-11 5.25769968065e-45 1.51156501144e-63 4.82533889504e-18 4.69434820466e-21 0.0267491596842 0.0388778854517 1.42244650708e-18 3.55541443139e-61 2.22325793155e-62 1.43038698445e-48 0.0 7.96772750746e-21 0.0441105922766 1.45414908051e-126 5.64546737087e-161 0.0171724460355 9.0725677192e-38 7.2542923331e-07 9.05523819918e-33 2.2229747357e-89 2.13927858694e-64 0.0543487057262 7.60206698924e-217 0.0220910950855 0.00877143516683 7.32617900987e-66 
0.0 1.25947694657e-91 0.00193357148916 7.59433550595e-28 2.31725298898e-52 0.000430333378682 3.99173987308e-29 7.41503982991e-32 0.0762972378296 0.0604256026877 4.31783272594e-79 1.92623927854e-69 0.105930512337 1.02618512209e-113 0.0374171463812 0.0364638432548 4.87331626816e-116 9.43024136e-149 4.74636817596e-45 0.0 1.96063214764e-17 1.69247868342e-85 0.021492774407 0.0 0.0490996419951 0.0812087290514 0.165485071277 0.0 0.0386333628815 1.78819501044e-254 2.32780775543e-68 0.197987005552 0.0819111008945 0.0337100351007 2.62943396593e-118 2.49740798801e-33 4.42504158212e-140 0.0 9.12540711879e-89 1.4871585953e-32 4.19800926784e-22 0.0115740256149 4.74995897081e-187 5.86722821374e-09 1.65665905596e-18 
1.24423830347e-146 1.13933062304e-68 1.32610071336e-75 1.38939428652e-178 1.04475745462e-08 1.08932271457e-52 1.57230943154e-41 2.53091723513e-87 3.3778952841e-64 6.60495897555e-25 2.88816235352e-220 0.220937779747 1.0582447418e-72 8.693444046e-24 1.45105129996e-08 0.105315823565 6.16464013133e-19 5.56246542461e-127 1.00718732281e-32 0.170176871853 2.49753124244e-82 0.00805043796183 1.11711134234e-118 3.48784617554e-91 2.94267446047e-85 1.20221530968e-73 1.69615409639e-42 4.90681470929e-35 6.73390450145e-62 2.5635312854e-204 2.30066259905e-17 7.49655569807e-104 2.95353645499e-77 1.44789674211e-265 0.398107819918 6.94009193156e-103 7.17870680101e-63 0.0974112419962 2.82232941185e-52 5.02713286507e-75 4.0802715638e-65 1.6146046185e-218 7.11061724323e-16 9.01163134313e-51 5.36649065785e-73 
0.0 8.92023793467e-45 1.91352797895e-47 1.05495574629e-51 9.62011031194e-35 9.5824775646e-219 2.3284447369e-87 1.10342515789e-10 2.1676093901e-85 0.0275828781218 1.28473970966e-31 5.07942705218e-28 0.0 1.90494694237e-94 1.44935979882e-34 8.98383756253e-41 3.23934088264e-154 0.0 1.7495102294e-41 0.0 5.49112029971e-152 3.68578709964e-131 4.05263264037e-236 9.67283289482e-152 9.32748660078e-207 1.89767383811e-73 3.67876073033e-24 0.0 0.0 0.0 0.0301857376449 6.65224889649e-307 1.46391650863e-319 9.00717605171e-182 4.89994585024e-101 0.932031438842 4.29096429747e-27 0.0101999452803 1.80463814119e-170 3.51443766633e-137 4.5610515889e-199 8.87012445461e-274 2.09450970349e-189 6.06024213948e-13 3.91030218542e-152 
0.0160429296374 1.57989544538e-204 2.11805731588e-31 3.11024549591e-31 1.84691941725e-203 8.58884057868e-25 0.103401562835 0.0312778819449 0.202537282372 1.35659867964e-207 0.0244441494967 0.0242247786499 0.151874652834 2.43795180419e-99 7.66860904555e-210 0.0589719377601 1.22832397099e-234 0.0274213767535 4.18634713229e-217 0.0 3.79460159435e-63 3.68216219514e-212 0.0374051292874 4.68363013692e-53 0.126632794226 1.26789458637e-31 8.00844079357e-32 7.8638467065e-84 0.132555636406 1.66720915254e-106 4.70518363577e-206 1.70199373438e-14 2.13279270753e-106 8.76604657414e-83 3.74458035528e-134 3.28463994983e-32 1.40307746257e-18 1.17665297937e-59 8.08135182822e-314 2.72431766154e-78 9.77025479322e-36 1.28835078714e-61 7.91912468561e-42 0.0394047293406 0.0238051584573 
1.98657134396e-228 2.63738695502e-23 6.25272060065e-128 7.40551855202e-96 0.0521070211037 1.56448442129e-50 0.127627621597 4.79518229464e-98 0.157552464481 5.80215849053e-40 1.3164681504e-204 1.33318416424e-11 1.78677616713e-23 2.35697660093e-18 4.30387925238e-18 0.0458522210022 7.5721181055e-25 5.76044835275e-13 3.62337935322e-40 6.95887307464e-38 8.52463286072e-57 2.9993740305e-21 1.67270403745e-18 0.0856636689685 2.58975926405e-19 9.48049014489e-34 1.19030480759e-98 6.48780270286e-236 6.97078262112e-37 7.07139468225e-66 4.64161043855e-43 0.068385269693 1.59700573084e-104 4.12802991818e-41 1.13021494212e-14 3.98065338974e-56 9.04208762528e-120 1.99947230981e-74 0.000933093702233 2.96369022785e-48 0.413108689081 9.7522119694e-38 0.0487699503574 1.29956131303e-53 2.35475575058e-28 
2.97532669392e-89 2.81432287472e-89 1.52610462952e-169 3.26532086678e-173 2.97012160554e-78 1.11781625299e-94 6.78968615741e-23 1.90682054561e-64 2.62561323395e-49 6.06194752213e-28 1.77102424155e-115 3.02771620375e-08 1.57236515392e-58 1.38921986024e-62 1.11619676006e-27 8.42604393637e-11 4.55217269029e-08 3.05787739725e-101 1.65943197869e-53 1.78435414509e-47 2.24963590115e-19 0.00160906202572 1.42894508255e-48 3.34755580658e-105 8.95664452256e-09 1.98152215822e-12 0.352663264025 4.15567833435e-36 0.0523254816794 0.0 4.47526330164e-97 4.39704867451e-58 7.1174864977e-63 3.94179706063e-169 5.81779697014e-22 3.40703156635e-88 4.58221734485e-128 6.59799747837e-66 9.53054007003e-49 0.472088888512 6.00319596348e-12 3.96209727979e-62 6.41480719297e-74 5.36746705861e-119 0.12131321891 
0.0 8.29102691631e-165 5.92830298447e-203 3.09910626249e-207 4.61340030074e-167 3.41134737835e-15 6.61620809185e-42 6.1578916184e-224 4.50892150657e-51 9.28278658561e-166 6.26309863763e-167 1.97910441853e-118 2.08238905314e-58 7.98803273809e-199 2.16249716934e-172 1.5269500691e-138 0.0 1.0 1.91691570722e-158 1.95787397792e-140 2.4746956824e-165 0.0 1.410915517e-95 1.17007341791e-262 9.3455715251e-158 3.5417122276e-204 5.16269197078e-183 5.01908341228e-261 3.43384660168e-47 3.50569011493e-24 1.78923221239e-167 3.76338430997e-184 4.012831493e-44 1.32647236879e-221 6.11063269916e-206 1.35427919864e-182 4.82364006527e-203 7.97032418122e-220 0.0 2.4182935623e-238 2.45969040911e-103 2.40242721359e-105 1.62176218562e-213 7.33617333519e-111 9.12293143476e-99 
2.26554503099e-21 1.50315131681e-117 0.189844598565 0.00245456896453 3.22152825789e-106 1.31688338109e-08 0.00883624764794 0.137682120153 4.20949498738e-22 2.86567681063e-94 0.343903458572 2.05445648852e-24 4.14437508341e-20 2.16311405015e-70 9.51800862813e-100 1.1681317749e-26 1.20455162901e-107 6.80248292136e-53 2.52839606257e-97 4.73767884653e-180 4.99177251692e-25 3.57411150745e-109 5.42628772473e-14 9.54031360402e-24 5.01071674318e-29 1.66706312692e-16 4.05502398751e-44 1.0344814261e-13 1.81826222796e-36 0.209740986618 1.35877493877e-100 0.0945832848114 6.87824976664e-11 8.7515962506e-09 3.54248166865e-82 5.16423155667e-09 0.00459132332685 3.44336183907e-31 8.13581176015e-149 5.28908841513e-43 5.58522736805e-06 3.62154650389e-30 3.39179762157e-06 0.00828805438881 6.63527751118e-05 
9.19521228933e-142 1.8549145379e-40 4.62199483536e-173 1.21729409581e-148 1.91430484646e-34 3.26935346916e-83 2.88391129473e-11 2.23635252e-193 2.10726400734e-24 0.196017798065 1.5372860463e-144 6.76165400987e-43 0.0197189668215 7.42105202751e-82 0.634749425271 0.0187589555726 1.197874417e-47 0.0498617681704 2.97808969993e-17 2.99717931903e-113 1.65441529891e-37 5.7863229424e-60 5.37942370283e-130 1.50661340168e-74 2.88482457202e-134 1.18873579979e-32 2.72565845064e-84 7.26506124193e-103 6.54425724695e-136 1.25666868478e-149 0.0808930860709 1.06404441762e-46 7.89966833819e-121 2.92447205255e-114 2.12512972971e-81 2.71652999721e-116 3.19622201802e-87 4.67774145353e-32 6.99135797405e-44 4.06387867703e-40 1.01718971217e-22 5.27054253058e-144 4.42896806143e-65 7.89984981752e-118 6.89027552094e-57 
2.94691256626e-15 5.46135855856e-87 2.05156781254e-28 0.02345083742 4.01456045392e-57 0.0567690936704 9.72201557136e-40 2.13591431004e-67 1.72583456288e-28 4.65534112435e-23 2.85905916871e-26 0.0288726729418 0.0610953898228 2.54927499053e-103 0.0186095083139 5.4679901021e-20 1.2941335732e-137 2.7402371969e-54 2.26769869666e-49 2.37831624653e-251 4.77545338444e-32 1.22810517756e-152 0.00678231124455 3.85893241068e-21 6.31390758084e-76 0.596611767784 0.0063434448999 2.89142551214e-166 7.5084637254e-61 3.13187776108e-151 3.28220976785e-52 7.69604229488e-20 4.31600357065e-71 2.96924050123e-57 3.57236090873e-135 4.37678915555e-28 2.07012263592e-83 3.49378864904e-146 3.11552038684e-61 4.26613242632e-33 1.32451078146e-09 2.63221733227e-84 1.91641501173e-178 0.201464972579 2.38694523823e-56 
1.9613252464e-115 2.77100757407e-83 0.210413856297 0.540711657875 2.93162706639e-77 0.00981844219004 5.205321772e-16 0.00115050272789 1.5531477912e-35 5.64669553025e-49 0.0409736550733 0.0111549937077 0.0121869806827 6.39027923457e-46 1.35811386739e-81 2.04118766052e-47 1.00511558092e-79 7.68592849871e-39 1.93874992885e-53 9.02244485659e-140 0.0125692292267 2.66565271315e-38 1.37214611391e-58 1.35588360203e-09 2.05080073714e-82 1.85448860602e-23 7.31995884644e-57 1.03047418173e-288 4.85686414796e-38 0.0908223258789 1.09639921841e-67 0.0700364598498 3.34717015389e-30 0.000161290498922 5.91841245755e-38 1.00683889864e-51 6.04635171475e-07 5.58558292339e-31 3.23175319253e-57 3.49317232412e-37 1.88426421416e-24 2.94198415381e-62 3.91456057891e-13 7.7927102941e-22 5.09689777254e-33 
5.67119813817e-67 9.60490448716e-206 1.68798913525e-29 0.111315438681 2.77847454907e-89 0.0552647755061 5.36824465635e-60 6.54539010441e-30 1.28030429206e-68 5.72055766106e-15 1.12687921426e-36 1.66764555248e-35 8.83768646917e-50 1.23595059427e-93 5.04628796167e-146 5.30346421505e-71 5.03269248277e-84 1.80720304898e-146 0.0296606266407 3.03004972471e-283 2.89811586903e-20 1.67099915768e-93 6.23891963557e-05 1.70055650429e-132 4.66534819036e-33 7.06657765036e-18 0.0607019849059 0.0638376087286 8.69461780126e-158 1.53430176267e-81 3.24821673893e-46 2.27795377618e-34 0.166999863818 4.82726288825e-19 1.22240371745e-49 3.7912447817e-51 0.0183820274329 3.53950158967e-69 3.94127713043e-116 0.337579238899 0.156196046191 5.27388068214e-131 5.75464007535e-112 3.10501905302e-66 2.828779542e-59 
0.0218356633613 1.15352788867e-34 2.92485846853e-232 0.0 1.64972534608e-24 1.85738933721e-72 1.18787778592e-05 1.18324506629e-181 6.03508264853e-49 0.000378517792747 2.7544435417e-209 7.63658979247e-35 0.0956686456708 2.28436758053e-32 4.7026811381e-05 6.23378511383e-49 0.0072313047059 9.26950035209e-55 0.0325929187342 6.29367088368e-61 3.98456919163e-44 1.27664745211e-114 2.89394130173e-166 5.84454908121e-22 2.71127114842e-146 2.22082759731e-16 0.0233213065222 0.00756621067134 5.83405576404e-96 0.0 2.37625273288e-19 1.05983143538e-23 3.79380079405e-127 7.78526062434e-192 3.62069958312e-59 2.38543611992e-37 6.41026222373e-41 4.3489729324e-46 2.12440797443e-32 1.1870234129e-36 0.0536108249426 2.2376310637e-166 0.757735700291 1.06418486129e-82 1.71862307999e-09 
1.84191800665e-134 0.0071400629554 8.0311911379e-48 3.11192962178e-243 8.46618407371e-19 2.29871543544e-144 7.13218491664e-51 8.05091910662e-134 0.00961029492575 0.341879430444 3.9658724754e-288 5.89764411546e-06 3.73553727287e-12 2.97775036594e-10 0.367604763882 6.72586856227e-32 0.179445529428 2.24580237532e-141 2.22626245861e-09 4.93771796928e-27 2.84491667285e-130 0.000789158536125 4.10692405792e-137 0.0213471478539 1.00335781926e-97 9.71944949238e-68 1.12028537377e-57 1.55030532474e-57 7.52930448405e-212 0.0 7.00029786113e-28 1.17065933327e-54 4.0146854203e-160 3.97785991176e-83 0.0042489545384 7.53231706841e-82 9.40899110521e-70 0.0679287572647 5.17313937603e-23 4.59841421432e-137 2.0165556255e-79 2.7131500158e-169 6.97458478071e-46 8.49867308597e-36 2.28175000819e-134 
3.09426334964e-303 1.71316927631e-77 3.09968715557e-63 1.01260091298e-286 9.4340539095e-57 7.06404480351e-146 1.24186387787e-129 3.73520458089e-134 3.9245849915e-111 0.599738481621 3.01989104856e-262 1.62377517422e-67 6.53627395366e-307 4.7138485509e-39 8.90973713455e-53 3.76373371895e-69 1.18170065579e-39 0.0 1.04972468008e-38 0.271666806979 4.55151095982e-244 8.12096935408e-42 9.8144483584e-291 4.26527323033e-110 2.30050603036e-232 3.21909738596e-203 9.61177120971e-76 2.51342771866e-98 6.25961225853e-184 0.0 2.87771356102e-41 2.55065263894e-297 2.201452439e-110 5.14431679808e-262 4.41978166441e-30 3.41964707512e-114 1.90011911681e-91 4.0862723738e-46 0.037151079822 1.59886989386e-221 1.50470352695e-229 8.04027063562e-276 0.0914436315772 1.10552536656e-90 1.31588960624e-98 
1.55746374201e-44 1.85604769672e-48 1.6497457063e-33 2.96062190406e-26 6.25159235549e-33 8.6079707305e-34 1.60537824506e-30 1.05001220248e-14 6.54438052389e-90 1.22590754341e-05 1.63855994922e-17 2.54643376653e-25 0.0990573806882 1.49905082172e-70 3.20310666315e-22 0.00771238772689 8.10135439181e-181 5.87676014405e-102 0.8254719741 2.89299562643e-52 0.000422419419716 5.59131993017e-82 6.48532772805e-26 1.34260256032e-190 2.24510878141e-54 4.35668420398e-29 8.43346259763e-77 0.0 3.91289436247e-12 3.20673211219e-280 1.79179642853e-20 1.06292085497e-09 5.22556597833e-07 3.21402983991e-20 8.75434696849e-51 8.74960194006e-65 6.17883592895e-92 2.28480362624e-139 0.00740116875141 7.89949223626e-18 5.47555368416e-16 0.0599218866149 0.0 3.43955951054e-39 1.09177024326e-60 
1.10066077348e-24 4.30364533083e-31 1.11757989896e-95 6.34266871986e-111 3.75339463914e-14 1.5721593632e-50 1.95549794308e-39 5.93444470864e-186 2.22658879373e-49 0.256869005797 2.17711292068e-245 0.0222833868777 0.0300441488465 0.0212508431939 0.48017341956 3.7074757515e-92 1.72958477053e-06 1.00844114538e-71 7.62072101987e-16 9.82658913161e-29 1.72977929647e-22 0.000279959515306 2.1846834647e-87 0.0109322993145 6.1195064033e-60 6.80397704832e-15 9.92985565707e-80 1.7414729571e-34 1.49978355877e-91 1.19092272582e-302 5.70801168865e-29 3.16598616476e-26 3.24477788028e-48 3.10360860771e-72 7.19761511431e-34 1.41480978332e-119 1.27969197349e-50 1.29620514339e-30 0.0832232472459 6.61100305808e-16 0.0949419600636 2.02533425129e-154 1.08348750945e-67 8.5803549917e-68 5.32666384824e-13 
3.41531166697e-188 0.015073418064 2.37543399901e-52 1.79584121749e-254 4.54074411192e-14 0.0056516400233 2.41139391079e-39 3.50075088669e-88 4.72586670629e-27 4.86435925879e-19 6.04034493645e-202 8.66965236243e-09 4.38726672728e-134 0.0306908580017 2.07272116828e-34 0.478075534986 0.225240451106 1.0206971263e-29 0.0178058074787 0.0921345677938 8.84775016475e-170 4.27365763265e-16 6.29307655987e-182 6.43678996229e-48 1.70306195883e-136 1.7238780048e-107 0.00998404915589 1.81749126179e-13 4.07465364973e-65 3.86066610547e-90 3.94005684254e-39 1.44379120126e-152 1.81632908468e-47 3.52851866196e-144 4.73592381193e-20 3.736039364e-14 0.0118647098188 1.26309745798e-23 0.0320924476811 8.47606672142e-167 1.13745429324e-151 1.744881601e-68 0.0813865072206 1.56513125288e-48 1.24055395849e-62 
# The emissions
5.23170412125e-57 4.34548739082e-60 0.0237519316313 6.25349027406e-28 3.85245410867e-47 1.44802580637e-46 2.63490531379e-48 3.04251100911e-88 5.26732982109e-47 2.25260848365e-08 5.51801638671e-40 2.47144206966e-40 1.43208531417e-17 3.63198134533e-44 1.90463228743e-126 2.17064996881e-63 0.0107721508498 7.52619678441e-23 2.581846126e-41 1.07654954979e-18 1.74310792172e-53 5.33377001168e-159 0.0168309366943 3.1442465884e-252 2.46906249842e-299 0.948644958299 
7.15996897241e-51 4.99980646549e-269 0.0 4.29092380916e-117 1.0 1.52776469277e-162 1.15446562373e-194 1.00252773719e-223 6.71807279142e-56 0.0 8.91586502971e-102 1.19254728816e-35 1.16162994146e-103 2.20412822591e-89 4.69504939313e-39 2.69666552647e-278 0.0 2.08510056228e-155 5.02817846566e-126 3.70907584842e-95 2.70612217072e-32 0.0 5.07261314616e-140 1.82280987084e-217 0.0 1.74468970252e-193 
2.36614498848e-106 2.61457619032e-59 8.12161909666e-209 8.90973726464e-90 1.11669974288e-69 1.12066309493e-100 2.25438029174e-68 3.30421187589e-32 1.38593470829e-16 5.70633873765e-187 1.36161767027e-101 9.44404516157e-12 0.525022515204 0.474977484787 1.38669062284e-142 1.2050643473e-40 0.0 2.11542833205e-19 7.21668300164e-16 2.31370216166e-23 5.98480292275e-87 1.97794097118e-113 4.80737995302e-211 2.98357490216e-143 0.0 6.81185750024e-75 
5.63422229053e-110 3.56397567342e-80 1.74130863093e-179 4.63825577329e-98 4.41577885492e-24 2.66155142447e-26 4.11812147663e-73 1.18870822334e-124 1.66380179816e-25 4.70883097607e-317 7.8889050296e-144 4.37146365096e-17 1.76793306638e-15 0.964861744747 1.04037359383e-242 7.27975207021e-105 0.0 0.035138255253 1.50086496846e-37 2.82017776873e-36 6.27177353294e-77 1.05305417984e-279 8.65854194692e-262 8.14519423454e-220 0.0 8.53339254675e-115 
0.00643655596661 5.74131988876e-126 3.81346652018e-81 1.61352897166e-76 0.993563444024 8.21567466209e-124 4.02185842209e-115 7.67485105331e-127 8.9466396079e-12 2.06128008257e-139 5.35077417146e-137 2.8341740155e-49 4.34959648144e-19 3.99376302872e-74 2.87065178987e-41 1.39928770382e-137 1.13197072479e-155 3.27096780422e-59 2.99153219108e-130 1.40819697939e-36 1.04849062015e-53 0.0 1.83387777142e-109 0.0 3.24127229203e-183 1.08502970052e-112 
6.35569147562e-97 5.34372102391e-33 0.00424248835344 0.814507940542 2.61686875775e-86 6.10448790668e-41 7.65581876483e-05 1.54571264681e-61 2.38718352696e-36 6.75074512986e-141 1.07980658571e-33 1.94577753344e-53 1.61935556615e-53 1.1009512142e-13 3.89644005211e-228 5.06268132958e-166 1.03801168299e-311 3.89876110624e-37 0.0782225177246 0.0821708355541 2.55852492481e-51 4.82821268186e-14 1.12654430163e-90 7.1333193446e-235 1.28387508458e-137 0.0207796596376 
4.50716129747e-121 0.208819533326 4.92701172669e-129 0.0176880702347 1.02314559495e-62 2.25356299801e-07 0.0168394576745 0.257803362611 0.0154931718398 5.81467390108e-09 0.197122677619 0.160426860767 3.41519482435e-07 0.0309157646185 2.97261933552e-274 2.97931003805e-52 6.47442052619e-212 5.14673291886e-12 2.97262542573e-14 0.092080838515 9.36151946773e-94 1.97596186403e-155 0.00280969009844 0.0 4.95433020656e-279 7.39214054585e-17 
1.7149385685e-70 1.57872077482e-35 2.16243586326e-224 1.70151168698e-105 1.76320951594e-20 1.13567150558e-50 3.48118715155e-76 2.0185485332e-47 8.64664264437e-34 1.35099053628e-204 2.20395876635e-133 5.85093272186e-07 5.57733386473e-08 7.17355567283e-08 1.01529826704e-309 2.0745426305e-74 0.0 0.999999287385 2.09836353073e-19 1.2777606515e-11 3.84454207024e-52 2.04628927174e-203 2.80829014687e-225 1.37557983969e-207 2.92720160473e-124 2.97858665526e-106 
8.1070782051e-130 0.00413096431674 1.87772180479e-64 0.160987701004 1.5538059723e-81 0.0162176069093 1.94070223617e-17 0.0249511538031 0.000828081791414 0.0474555843398 9.79398006822e-18 4.27366467002e-08 0.183290163177 0.0892210209893 5.03126548752e-214 1.65362829073e-38 1.13981898799e-297 0.0137582349286 0.142565629072 2.2497199017e-05 2.82544446884e-133 2.53829547683e-68 0.287336495969 7.19889349649e-280 1.90023864083e-291 0.029234823764 
1.27643668516e-23 6.62500164194e-162 2.97958980547e-246 6.42381477493e-40 1.0 2.57349292981e-153 7.21816047075e-106 8.13003598267e-252 1.326025382e-63 0.0 7.43818065507e-161 2.10321787862e-215 3.14832690229e-52 9.998684738e-167 1.6330864295e-25 2.31382466035e-193 0.0 7.06656131854e-183 2.06459051515e-90 3.95820530393e-59 5.77773783065e-19 0.0 1.38370861541e-274 0.0 1.44520471181e-234 2.5552380157e-93 
2.15196344741e-78 1.84357940661e-21 2.70348462017e-262 1.10449009532e-133 3.61860789636e-49 0.00423964471492 1.13503144742e-36 5.48843073115e-55 4.741091919e-13 5.47693732821e-187 2.25067482018e-80 0.72815548592 6.32835175088e-23 1.3652578353e-18 8.79051549114e-233 6.73802419811e-58 0.0 0.267604869365 2.73341924497e-34 3.02408836154e-38 1.19201331772e-40 1.58939831373e-269 0.0 2.59966610065e-160 0.0 5.82245957603e-117 
2.19206882748e-118 1.50550029186e-54 3.58180631872e-276 6.90478407443e-34 1.56412015126e-55 4.56522490613e-49 2.17297722782e-52 4.00094062876e-58 2.96210453926e-26 1.30766932204e-36 5.29285153291e-76 0.617660157424 2.2890030982e-41 0.041779410453 1.80757154892e-169 6.15675158516e-47 2.10423459826e-79 0.340560432123 3.15258332176e-32 1.70610281723e-36 2.82128670358e-145 6.41321729505e-167 1.37966120258e-40 5.97214826258e-291 0.0 7.11682459957e-42 
3.33771809654e-23 1.57887215861e-52 0.000143882313798 1.94969927747e-63 1.75270672529e-62 1.83816212691e-47 7.97442535738e-59 1.37485893189e-86 1.8047552136e-18 2.90126379577e-127 5.70120701669e-36 1.58344122711e-62 3.37538842289e-51 6.20734378764e-35 1.76232516319e-91 6.8250875392e-110 0.0 6.62530865885e-63 0.999856117686 2.12981445791e-44 3.91935003664e-53 1.02766888582e-138 3.94219024347e-90 0.0 0.0 8.38625748152e-35 
0.30656559165 0.0 1.2230503174e-282 1.85684310834e-83 0.0494093615225 4.77705419236e-197 8.31904543172e-261 0.0 0.267117513464 0.0 8.52300215915e-242 0.0 6.88662520384e-34 2.38979212892e-163 0.247814699785 4.66410879972e-134 0.0 7.75760811589e-100 1.48275841877e-173 4.75029811681e-102 0.129092833579 0.0 0.0 9.80682044312e-237 8.40053457579e-306 2.16809345109e-87 
1.02496955724e-10 1.29450604328e-271 0.0 1.85847279775e-154 0.867450559701 7.07627253464e-199 6.07331037044e-185 0.0 7.40466515621e-42 0.0 1.54370248909e-158 1.08611569936e-202 2.04771431089e-131 1.87449082285e-167 0.0069831547697 2.45802976569e-306 0.0 1.43685274102e-206 3.20985804732e-79 4.02206560721e-39 0.125566285426 0.0 0.0 0.0 0.0 1.85852367314e-99 
1.52496148787e-58 1.97218711907e-73 4.83568195054e-177 1.08339082356e-09 0.0107243471072 3.44187926623e-31 1.87843006853e-72 0.0595114555736 9.70276182444e-63 2.81828321032e-135 4.31575702281e-86 1.26883949174e-13 2.36644803899e-07 8.16860732097e-43 6.60523577366e-171 3.37986736669e-118 1.60884820207e-276 0.929763959591 3.20110296821e-52 7.1970028156e-48 1.23994246473e-135 1.01388576601e-157 2.44736671385e-88 0.0 0.0 4.42501815375e-55 
0.686977222844 1.58359155969e-317 0.0 5.606421094e-54 2.44003671563e-21 4.7305349584e-106 2.38076147605e-166 5.43818900066e-146 1.90164921499e-23 0.0 9.24834347232e-101 5.34500237013e-174 2.83660750046e-48 6.27219102501e-186 2.31363921145e-21 2.70540661052e-159 0.0 4.12354292934e-192 5.92105609857e-106 2.42910301601e-101 0.313022777156 0.0 7.88352573853e-282 0.0 0.0 1.83704930551e-153 
1.01833703578e-197 4.59916879804e-127 0.0 6.10681605143e-12 5.14296356225e-127 4.46435005113e-157 1.47240459979e-126 0.962223801315 5.88982049459e-146 0.0 0.0377761986792 1.09143535854e-110 7.0636041679e-141 1.15468122353e-129 1.15218426794e-307 1.50606533644e-134 0.0 9.70478658491e-127 6.79616792952e-15 2.989843148e-134 1.73842630804e-164 0.0 2.98613392287e-207 3.09612398731e-299 0.0 2.31030015478e-191 
2.78764659157e-68 1.18284153771e-88 2.36994151238e-227 7.19062623695e-123 0.75203789369 4.30504849094e-127 8.13150015488e-79 3.15708603759e-272 4.62921432513e-104 0.0 0.0203671617234 2.99906502822e-36 4.79647958355e-72 1.51032265327e-55 0.227594944587 1.36956991561e-118 0.0 6.55762483567e-48 1.60005322852e-53 2.60239613907e-77 5.34405847721e-109 9.41133689201e-47 0.0 0.0 8.5946597668e-141 7.6482548083e-188 
2.75043037651e-14 5.94942713996e-158 2.61208786579e-61 0.0256641549298 3.5830790346e-19 1.74478782025e-104 6.31531066617e-116 6.635482178e-243 6.39679272274e-29 7.21827910748e-226 2.57436450887e-147 8.34221056322e-276 2.32089580531e-33 5.4155555091e-179 0.974335845002 2.28302423539e-127 0.0 7.70398452788e-221 1.33617290297e-156 1.09754167105e-103 6.8276135206e-11 0.0 0.0 0.0 0.0 2.30067519762e-137 
5.62731107284e-75 5.09652490327e-43 5.38944113653e-229 3.69629626655e-42 3.58134605155e-60 4.85648830035e-50 4.27360431332e-29 6.3265853118e-79 3.42814166018e-30 2.0813972831e-99 1.8332163326e-52 3.02434311934e-40 1.28646292354e-22 0.0243759224823 4.35113746807e-195 1.05463837049e-50 0.0 6.22060765897e-06 6.13252300975e-46 0.97561785691 2.59322174211e-60 2.9448606723e-117 8.72079465911e-228 1.33369455264e-103 1.18876073185e-112 2.08342355283e-64 
0.99210485849 4.21129738457e-140 7.19553157114e-99 1.43048635906e-52 6.00313095822e-08 5.65859922498e-91 6.5544505475e-96 7.81450944596e-243 1.87660517716e-22 4.87369376178e-48 1.73499305497e-100 1.370392863e-102 0.00789507050004 1.34226462053e-114 5.50775039964e-27 2.1415228119e-110 1.09789062698e-08 1.14409082323e-52 2.6834525694e-85 7.5503490657e-80 7.98788676058e-26 0.0 3.88625850756e-243 0.0 0.0 1.77465681194e-66 
1.13517892086e-69 9.56821995522e-15 8.77626950702e-27 2.92473588999e-10 6.20665336682e-89 1.11472962263e-26 0.919206104466 6.37191891786e-38 1.07355288774e-25 1.03850004573e-173 0.0746131962371 6.17278683919e-40 3.62693543988e-50 2.77316626106e-16 1.63993286606e-250 5.64728336522e-92 0.0 4.28720595537e-23 2.13793541505e-17 9.3016152018e-14 0.00618069900476 5.67220310121e-92 7.15430537829e-130 1.1292810966e-184 5.3273707783e-163 6.9978706721e-20 
0.0164478250685 2.38646270231e-167 1.69743982005e-171 8.13893160987e-130 1.56220326862e-45 1.41754550772e-156 3.41962880438e-120 1.38883369057e-171 0.983552174932 0.0 1.52664776395e-67 1.13114150964e-119 1.0876229915e-87 1.56635755288e-87 3.08491498085e-25 5.70873763721e-72 0.0 5.24313356141e-147 1.89851259478e-59 2.14091080836e-78 1.03366160068e-36 0.0 1.09091698042e-238 1.64123632739e-131 1.90150013306e-191 1.74109381869e-114 
1.21987464758e-120 0.34242629369 9.39476707873e-52 0.0179850268867 5.86428019466e-97 0.00863874270907 0.582761769344 7.13595085044e-21 2.4535944549e-47 0.016822019153 8.72895767585e-49 2.85852679571e-22 1.84356839431e-35 2.53994619956e-39 1.09799302444e-204 2.13665672066e-41 2.2118652678e-252 0.0313661482174 1.26281251752e-40 1.51813235268e-41 1.57625133583e-100 4.72457027527e-86 5.40477048354e-30 1.7467534787e-285 1.44905091464e-151 1.17079445213e-56 
4.00620001762e-91 7.24415700358e-57 3.9339654857e-91 7.35972381002e-38 4.06794383654e-74 0.00418651944501 1.91925832683e-40 3.37110077386e-81 8.94243667371e-62 0.0 4.1083631073e-62 0.0499677222029 2.00385311512e-54 0.214307860201 2.29785369278e-229 1.00473313759e-123 0.0 1.00051817851e-52 6.31284562737e-12 0.721082584021 1.31983063534e-106 8.1393378978e-101 3.48003057973e-25 0.0 0.0 0.0104553141233 
1.54365474928e-144 0.0335017905807 0.0 1.3608000916e-08 4.90333629305e-102 0.277927457067 3.39935066372e-20 1.69041631316e-114 1.86669171122e-40 1.74213589452e-142 5.50969453549e-05 0.534028863196 0.0101588961214 1.54696516251e-51 1.36086344052e-116 1.33281892805e-17 0.0 3.07272492666e-46 9.10624195023e-28 0.144327882481 7.63234879038e-88 2.72010066049e-203 1.17389821836e-72 3.54845106168e-212 0.0 1.03070614573e-77 
4.90817543115e-101 2.23486293389e-29 0.0 7.54394933631e-106 1.00429062832e-71 5.08309437585e-89 1.16098528261e-27 1.03967535635e-136 8.8675962399e-67 0.0 2.21363042558e-152 1.13216526243e-09 2.48764602739e-24 2.66615432851e-27 9.97888918998e-90 3.88639438315e-87 0.0 8.02788423074e-42 1.23738411306e-66 3.95151192955e-39 0.989922694834 0.0 4.1773985291e-188 1.008305784e-169 0.0100773040338 1.26899873032e-81 
3.87202046176e-80 0.129767804531 0.0124889584064 2.36054976122e-10 4.84304491314e-81 0.473338392651 6.89297052105e-10 1.58499195368e-29 2.10851813251e-31 1.36464896824e-30 0.334647061838 4.96820216604e-33 2.12768970116e-19 9.20829735892e-32 2.16463320807e-273 0.0497577816486 0.0 5.15040021828e-13 5.68401971734e-28 3.36055765773e-16 1.0526706204e-107 1.20092587503e-51 2.18253577387e-26 0.0 0.0 1.80893918053e-36 
1.60692486368e-48 1.17605816648e-94 0.0 8.71579934999e-125 7.4110336362e-77 3.07698375101e-95 2.59571266456e-57 0.980524773427 1.73511106027e-26 0.0 3.03508484093e-125 2.43927957342e-43 4.7378888868e-46 4.34156509759e-43 3.81859087443e-183 8.8108764152e-159 0.0 0.0194752265728 1.21166208332e-54 2.68962988771e-95 1.12489548462e-32 2.34032313081e-189 3.91676387908e-281 0.0 8.38200976216e-93 1.2738758351e-134 
2.93146868606e-25 1.38812530288e-243 1.76376400535e-293 1.75917847702e-125 1.0 3.67837506345e-255 1.92004239833e-311 0.0 2.9756847615e-34 0.0 3.01555220134e-259 3.1117185578e-179 1.04758202049e-99 1.36401243233e-159 1.20067642503e-91 0.0 0.0 2.96588727383e-163 1.38607911648e-137 3.79223604345e-107 2.70959723213e-31 0.0 0.0 0.0 0.0 2.06491594481e-290 
7.40126347615e-70 0.0291210425937 1.19523746105e-172 1.41022944799e-73 1.15470536461e-43 1.11613493579e-16 8.56971251891e-48 2.56110513196e-77 4.83024198045e-42 9.77982809528e-160 3.32056792866e-57 7.8721788976e-24 7.29549194327e-13 3.16094894502e-19 1.63563964488e-190 2.92951101956e-52 0.0 5.47648146533e-18 0.970878957406 2.3842304989e-24 2.68333650243e-52 1.24143960702e-252 4.53410745001e-158 6.32068106378e-165 6.22183962578e-196 5.48077674816e-94 
0.0419585939759 0.0682349469717 3.84889894472e-289 0.0378903751034 3.55711222879e-39 0.478202441908 4.47773861125e-34 1.2670311646e-132 2.68012352081e-81 0.0 0.23278506842 6.02725706088e-49 5.40138787744e-22 2.90090060439e-27 1.58284532224e-188 0.140928573621 0.0 5.46689331818e-34 4.09874362066e-42 8.78005217684e-39 1.66558686461e-51 3.11222492124e-249 0.0 7.78082168067e-149 0.0 6.62384257976e-37 
2.98496149353e-98 3.20843103933e-178 0.962081572429 3.5328491558e-172 0.0379184275709 2.16915597218e-153 9.64622464792e-54 1.85645818633e-241 7.27068695067e-59 0.0 4.19710363691e-65 3.94076589728e-108 1.38854189197e-88 1.24495170047e-108 1.43335266837e-110 5.93149027461e-103 0.0 1.27606297229e-77 3.0478143168e-38 4.51078839683e-53 1.86956644126e-188 6.31233244351e-279 0.0 0.0 2.1306923962e-238 2.95807505221e-82 
0.462580842038 6.70016376029e-259 4.50022454762e-136 4.08976604989e-20 0.152350642499 1.2266766e-145 1.55454695403e-164 1.61004046552e-298 0.0887199403721 0.0 2.81718684413e-196 1.52151705467e-262 1.45772708284e-19 1.33542439081e-250 0.229273017605 6.87332593911e-242 0.0 3.11264017277e-261 3.25895802213e-163 2.06362156585e-102 0.0630770190688 0.0 0.0 0.0 0.00399853841732 2.67251377067e-113 
3.73835628166e-178 8.44122763079e-56 1.95715664394e-269 3.67798146968e-62 5.2839548247e-49 4.23693362596e-62 6.85496742183e-74 9.55477387384e-80 1.07350270292e-109 8.381760591e-313 1.91667840762e-129 0.220886751661 0.0792913325579 0.187006967762 2.15235677131e-256 0.0 0.0 0.512814948019 3.77336537871e-34 1.42246629601e-57 6.889020682e-126 1.21987706589e-228 1.32332400897e-180 0.0 0.0 3.3087272614e-133 
4.95537865054e-33 9.93249751675e-44 0.0 3.12807926317e-160 5.06813249129e-48 2.94177086459e-28 2.54586567047e-35 6.281506933e-58 0.714900002338 0.0 0.00431976094036 0.0162392170523 1.02104471698e-51 0.1274607156 2.25132676201e-275 0.0060988783308 0.0 0.0352066140352 7.55883584092e-29 9.00401820163e-60 0.0907119266401 0.0 0.0 0.00506288506391 0.0 1.67878724511e-235 
5.91196460988e-06 7.79635154764e-158 1.86959871852e-79 1.5953261677e-55 1.46313400545e-13 5.97268553512e-178 2.14202842853e-231 6.63580932601e-201 0.562336821518 0.0 2.7192287907e-128 4.08844928306e-223 2.18801792599e-35 8.85114506146e-145 0.0545820947603 3.76380080548e-194 0.0 4.93657231022e-153 8.33141850147e-148 1.78227132173e-99 0.383075171757 0.0 0.0 0.0 7.17422882136e-59 6.36343962808e-153 
0.999999999936 1.88462880691e-163 3.40328274036e-262 1.09231302277e-70 4.07198785258e-11 5.56153915643e-124 6.87983186525e-114 2.31246624711e-201 2.61616748931e-38 0.0 2.84363079296e-62 8.45660489181e-56 4.74973652443e-53 2.47115646448e-62 3.07609161134e-28 2.34578284922e-30 0.0 4.42226891399e-139 1.35396713629e-52 1.72980850239e-42 2.2939487234e-11 1.1909854014e-229 3.33224233263e-147 2.48846818428e-161 0.0 1.18706660997e-69 
6.83992046499e-80 5.6038355395e-119 2.10621120582e-315 2.3739428928e-122 2.25018981238e-99 2.14249532276e-52 3.19362212468e-41 5.47716697622e-146 8.61097399489e-108 0.0 1.72188840336e-47 0.0544564788999 4.25358887482e-90 9.3801240549e-16 5.38745964151e-196 0.042743240998 0.0 9.88509503151e-10 6.63563846035e-33 0.874487508638 6.20504975442e-102 7.62115305923e-214 0.0 0.013669078579 0.0 0.0146436918967 
4.35395722981e-68 3.79426721992e-56 2.07660419223e-300 2.33067563488e-52 1.03955134065e-41 1.86079095896e-53 6.37870574751e-27 2.29366252434e-17 6.78160544626e-34 2.95473632622e-257 7.56845340212e-28 3.70149306317e-25 7.5020246402e-64 9.66456814286e-39 2.84997408024e-118 1.5175212941e-74 0.0 9.1550509511e-73 0.111457690168 0.888542309832 3.51118687993e-74 8.81139443718e-228 5.69688300541e-24 6.54411541387e-205 1.35163065865e-133 2.73549805266e-37 
7.38319883583e-234 6.907425989e-05 2.74906493597e-28 0.0616561756983 1.79548648064e-164 0.00514208499044 3.03984118262e-19 0.135858390528 8.02163671852e-48 7.43536682647e-45 0.0167871917124 2.23824872296e-10 2.16878745814e-32 1.70590226605e-40 2.65859582099e-277 0.0513043908457 0.0 8.74728349856e-12 4.75548371764e-22 3.73846056168e-27 5.19088471323e-172 0.655463850598 0.0737188411349 1.48594543077e-281 1.12945973074e-162 5.05053328943e-67 
3.07431221923e-75 2.30856740218e-215 1.8972809024e-144 2.88531633159e-75 1.29041001628e-52 1.00832904444e-118 2.47759658534e-120 3.54725447364e-50 0.988662860024 0.0 7.02233144405e-131 1.2855418622e-47 0.0113371399757 3.88457013959e-112 3.17239993808e-93 8.52503700448e-162 0.0 7.88784212039e-83 1.20098540033e-75 4.34066670097e-41 1.8479583814e-87 1.06526893036e-193 6.75506648873e-115 0.0 1.11284138504e-26 6.16526229185e-15 
3.30943506647e-81 0.18155885541 2.30625682318e-180 2.41998686631e-21 2.76207426941e-80 3.53867678367e-30 1.84145053986e-15 1.23439315935e-40 8.61689495961e-52 2.00918693336e-259 7.3537944259e-43 2.62499483305e-18 0.255903746425 0.521148602465 6.57307464035e-276 1.08317534233e-103 0.0 9.6899656786e-29 0.0413884075819 1.54471601947e-11 2.91429153001e-26 6.8237906767e-106 3.88102363715e-07 7.90576857982e-167 3.34941415719e-20 4.06484265555e-15 
1.14478972962e-79 2.75438118376e-19 1.63790218871e-47 0.106600153363 1.31481596653e-63 3.72976321905e-16 1.81738161184e-18 2.38926183761e-55 9.6945304616e-53 1.91628521603e-47 1.53921484259e-30 0.0136058487604 1.54374684995e-40 8.08760263781e-53 8.48524802716e-116 0.405688452565 2.6955913131e-22 3.03859688833e-56 3.12643323985e-59 0.474105545312 1.31909222816e-97 4.73928355586e-99 6.42339250342e-68 0.0 0.0 1.05448406824e-46 