# The number of letters
26
# The number of states
45
# The initial transitions
2.49388274176e-277
0.181205042545
0.000608417019168
8.89056790269e-45
5.35423073154e-63
2.71510261358e-95
0.100167891726
3.55501898205e-139
1.27765376015e-320
0.0773215394996
8.28140357854e-11
2.69192972625e-38
0.0
1.40762486955e-47
2.29463724504e-32
2.92842549354e-134
0.0396641968167
9.29965166612e-56
0.0115105395749
0.00380861386024
2.77294550006e-15
0.0859796309888
1.2032688697e-11
1.42775065369e-251
4.38925546424e-280
8.49107944721e-37
1.05781790912e-59
0.00436464610426
5.52768743732e-24
0.189429666266
8.31627438152e-98
0.130415901385
6.37344683135e-321
0.000956103146838
0.00245809271543
9.96894087542e-226
4.26193157696e-86
0.0153121862088
0.115028974487
0.000199287342436
3.22972029287e-108
6.56936154794e-108
9.08800291922e-16
6.2793485242e-239
0.0415692702186
# The internal transitions
1.01233275931e-129 0.112819753908 1.79454576425e-151 1.36055520405e-83 1.59016883725e-175 1.22879669126e-194 8.01674198752e-193 0.0862417412788 0.0 2.70031339793e-216 1.78004789586e-178 0.029670308802 0.0 0.046660570756 0.0 5.02827494596e-198 0.0863187275434 2.93102013831e-159 5.35174456579e-115 0.638288897712 1.31001089254e-139 2.58486953832e-208 3.2225115802e-171 1.01108117378e-252 4.03577563666e-177 5.33347835925e-163 7.22334704035e-156 5.19641771875e-70 0.0 1.3189821084e-43 1.81070638089e-121 1.31055885012e-155 1.62028722278e-271 0.0 1.08557906961e-64 0.0 1.80156735781e-213 1.53881123045e-238 1.70321715646e-240 9.83360495919e-185 3.0132469691e-214 2.03477159889e-234 4.79938137478e-45 3.80798517995e-137 3.04867533112e-25 
0.0 0.0 9.93238986509e-49 3.01316739946e-194 1.12789163185e-19 0.212458729246 1.79066547752e-22 9.34318489781e-243 0.0 1.92083933972e-156 8.89119938729e-87 4.52225965911e-111 0.0 1.91984624019e-09 0.0 2.38648852646e-14 4.80651681683e-259 0.173449414657 3.3237534867e-26 0.0 2.74174689139e-05 5.68263398864e-61 0.00374810439414 1.94687160441e-64 4.93291145998e-297 0.190817883767 0.0877060743852 0.0 7.7896758569e-205 4.38724684194e-153 1.95649615087e-288 2.05311857303e-225 6.99303501453e-160 1.87406960181e-188 4.49253891763e-320 0.0020004018306 6.32344284114e-198 5.36724300217e-43 2.61538590283e-319 0.316464825147 1.70135548624e-193 0.0 5.81440290702e-241 1.56903682026e-117 0.0133271471845 
1.18198636208e-98 2.50736410501e-143 2.28881811241e-28 1.6866321978e-43 0.0125749328668 2.77173271463e-63 1.22630326197e-104 3.57611474827e-07 2.26313160853e-26 2.0261585881e-42 2.91206661637e-227 0.00356199995296 0.295659750994 3.8099484751e-61 5.28652307863e-27 5.37970098772e-231 0.0136600487624 1.18780508262e-153 5.81827697799e-31 7.79461098815e-43 4.12624659439e-62 2.6379874435e-31 2.6457403184e-133 2.01160992817e-162 6.341984583e-19 8.35502604089e-82 1.30894485378e-47 8.062116427e-25 4.52465995963e-127 3.22174785747e-72 1.64181858135e-43 1.67360025182e-106 8.45710972848e-15 3.0890633041e-168 3.17759884618e-41 2.84223310389e-09 2.53324013012e-25 0.0 5.88563492831e-83 1.78009193326e-35 6.64013331798e-20 0.0138452167612 0.0095574596117 0.651140230597 1.22450050508e-69 
0.0 0.0157486052784 0.0358501403642 3.90840479467e-214 0.365013729116 0.0326484194948 1.55272189297e-08 0.0158489539723 0.0 1.80130313217e-252 0.0682036288296 0.137381335746 0.0 0.0 0.0 1.48689195923e-05 2.14901117001e-94 0.120392006265 3.53594402315e-07 4.18289181511e-198 0.0644940044567 6.58673403923e-39 2.28075481036e-241 0.11163961379 1.30303530676e-150 4.82073004531e-79 0.0159830883358 2.21957644242e-298 0.0121739066924 2.17040222942e-106 5.76020166881e-83 5.5334292719e-39 0.0 1.25965007343e-34 3.81025473571e-25 0.00460732961747 1.7134904096e-213 3.45666133335e-177 8.14778661631e-166 5.2901022796e-57 0.0 0.0 1.39084755924e-39 0.0 2.02420582578e-120 
1.60184192184e-70 0.00366898504937 3.4825134107e-136 1.40410160877e-09 2.34011756701e-133 7.43125680667e-164 1.83250250418e-179 0.443593554325 9.90779515172e-45 5.96087931471e-09 1.45539950613e-133 4.93059376819e-60 0.100118465056 4.82040917415e-70 2.86446549259e-242 2.75499224793e-148 5.46441993181e-44 1.42695787049e-187 3.43549832618e-179 9.41263557227e-09 6.5756386137e-302 5.08493193763e-127 3.87871938955e-76 0.00457410322912 1.75273473299e-84 1.87911939608e-318 0.0086664290876 3.53811372372e-64 1.35932496038e-106 1.77008016558e-62 3.64512863926e-85 3.16796105241e-153 3.22941035277e-63 0.00275742808144 7.57881238722e-51 0.016448418136 0.388245803363 1.29573755421e-286 1.69634894691e-117 9.74417356456e-121 9.41238118145e-82 0.0319267893923 1.03978387592e-85 7.50267492743e-09 8.54071772551e-154 
0.0280046967141 1.71131808494e-82 1.9985676209e-105 6.17820735326e-29 1.13540296172e-55 9.323499456e-31 9.83603912112e-170 5.75376801754e-21 8.23983299575e-60 0.00158877297122 2.57957720584e-192 6.59359602014e-120 7.37586998293e-131 1.78507702889e-160 0.119405147178 0.0 0.0471012117427 4.46710753464e-217 2.24542239881e-44 0.0201528049955 0.00778066024609 5.3218510724e-111 9.36772104476e-98 7.51659735755e-270 0.269378371206 2.61879524931e-199 1.10707738332e-41 1.8723334176e-22 2.37172883694e-53 2.24937503932e-71 8.76474769782e-66 6.96037197505e-34 8.19053557251e-13 2.87748115235e-222 0.028166121468 4.6549947295e-206 0.0733686438627 0.0 8.64912715044e-57 3.04822662367e-113 0.405053569603 1.2601192494e-11 9.63462312682e-54 2.12620298359e-44 4.82153571696e-30 
0.226510804116 0.0448972898914 0.0 1.9895788026e-99 0.0 0.0231491686329 0.0 4.03943747405e-202 1.13976425363e-22 8.00149491594e-129 1.2423726671e-153 0.0 0.129977159901 0.0145634644694 0.0420609063348 1.74323806949e-137 0.0167775758614 2.95675597435e-65 0.0 0.0133834865 0.0 3.64341837728e-166 0.0 3.35768017763e-112 0.0802756002841 0.0 8.87462853318e-188 3.56574221984e-152 0.165705754744 0.0270683950273 2.0198177803e-41 0.0113913964675 0.0727491424783 0.00465217268276 5.04406599324e-65 4.8395446182e-301 0.0350211596674 0.0705973625556 1.15007640124e-169 0.0 0.0201708434055 0.00104831698114 9.00851183763e-56 3.21442921949e-75 6.06919200501e-108 
3.59410624084e-19 0.015648804191 0.0540841558227 3.73742305241e-11 0.0130493510622 2.29904154789e-115 3.47042459841e-90 2.83431158929e-188 0.0 0.193604822293 0.0881422213159 2.39050329246e-43 2.89923328626e-305 1.45583739338e-122 0.0187782695064 2.37332027766e-55 3.05407211115e-161 0.0355679536576 2.03667236054e-135 0.0252286085786 4.21041250648e-08 1.09910646416e-70 0.0592117331098 0.0643960401188 2.06021672639e-152 0.0106593793609 3.51033843959e-97 0.0140408173478 0.0 4.19649528433e-83 0.0 8.06283651159e-177 5.48936096613e-274 6.36649525954e-213 4.81717610631e-114 0.298926945398 3.75816471746e-30 2.22548270986e-61 6.71767782382e-183 0.077013486973 0.0316473388084 0.0 0.0 4.29304049823e-37 3.03139840206e-08 
2.24196241888e-73 0.014085844615 0.00465121391336 0.000187948252793 0.0184098147183 1.0071756927e-77 5.04671525072e-131 2.47279546639e-33 2.02796941387e-152 0.155673232826 0.00621311035058 0.0 4.22659037696e-204 0.0 0.457427958132 9.92670060655e-51 2.76179025123e-70 4.60499528268e-211 1.51974834793e-49 6.48921032176e-25 0.0450548337375 1.02280069111e-25 0.0200222420537 0.0140595729491 1.88016364254e-189 4.19143173137e-173 1.12066729316e-60 0.106038821267 1.71913332901e-63 1.72873128805e-109 8.6816441948e-75 2.13341560877e-59 2.87261478715e-270 0.0 1.02210256877e-47 1.35056435157e-126 8.94698488388e-43 0.0 7.60830997456e-28 9.46196483472e-177 1.70657139203e-55 5.48503828445e-125 0.158175407184 0.0 1.50822331405e-277 
0.0 2.89474577808e-23 0.0670083563586 1.77371928528e-299 6.44555924115e-49 4.21528302953e-61 0.0192069179832 3.56376755732e-250 0.0 0.0 0.025512905731 2.20756840812e-96 0.0 0.0 5.30087131474e-136 1.13434344613e-34 6.68870715944e-76 1.4684603934e-13 4.2875671149e-28 2.84207825775e-74 2.33613336973e-44 0.0669483861721 0.00780021223714 0.0848886679348 0.0 0.0147704568267 0.0158499247915 0.0 3.88451057735e-18 1.4044277156e-117 2.04354385813e-98 0.0249622732887 0.0 0.089723035133 3.03982608049e-197 0.0143149267602 6.34448594257e-290 0.114811163022 0.0247308570044 2.02046448729e-84 0.0 1.57662276513e-24 0.429471916756 0.0 1.20487955893e-18 
9.68962599612e-209 0.00651893135572 3.59403299364e-50 7.612579821e-35 0.00520055729123 1.52736408201e-187 1.04111974822e-125 2.7377766563e-45 0.416101720369 3.08777566658e-31 2.52188229971e-222 3.78557879974e-116 1.12014966868e-44 6.65762553e-234 1.00068771276e-101 0.0 1.25194457088e-58 3.40545472517e-173 0.0256895125614 4.94155155495e-57 6.27063835841e-39 6.12678320083e-79 0.0251095411786 0.0 9.29607657704e-76 2.75055894367e-150 4.02567629827e-56 0.155800826129 0.0199823277889 2.81585679042e-107 0.297372900869 9.96695361183e-60 5.46998356585e-125 0.0 1.0250751084e-61 9.736993144e-302 6.02937978293e-50 0.0 0.0482236823416 6.69203865875e-102 1.89134248967e-52 2.34413483821e-73 1.66892997759e-45 2.74596432055e-191 1.1629803305e-10 
1.0871134854e-20 4.36890812682e-248 0.0 1.3530400622e-276 0.0 0.0 2.40874357595e-209 0.00644445841147 0.969723191601 9.6563250409e-144 0.0 7.3926742525e-126 9.15072202434e-102 1.11231648037e-31 3.70393592484e-219 5.15468740217e-261 0.0 1.39844011969e-128 0.0 4.38061027393e-75 2.63232349841e-102 0.0 9.9392333724e-277 0.0 4.60202167212e-80 0.0 1.73024030788e-296 4.00559030457e-44 3.86254710408e-228 1.35763512798e-42 1.36153199484e-268 6.11524721565e-234 4.46711005391e-38 0.0 2.19890606874e-92 0.0 3.13151827785e-139 2.12193224385e-89 0.0 4.37253664555e-238 0.0238219555335 5.24194006454e-165 6.2919730012e-216 1.03944544257e-05 7.9551741773e-140 
1.4375911842e-186 1.18256632754e-152 1.33562391603e-82 2.29538849997e-23 6.59217499059e-101 3.81652718447e-117 6.09615975644e-162 9.25021626004e-32 7.95612036319e-153 3.70042557278e-93 0.00287536477094 3.04666175729e-298 8.88110571719e-280 1.55594783214e-70 7.61706723812e-159 0.0339345589833 3.69243438895e-68 5.57629122529e-21 3.14290535166e-160 1.29089038514e-165 2.57821733189e-82 4.84297423848e-18 4.43632724779e-284 3.35012750825e-18 4.04230015074e-266 9.0050537034e-87 1.78086489362e-46 0.106270627774 0.0 1.06926269795e-73 0.819729921823 7.20413386976e-155 9.94857081876e-276 3.59140058726e-78 0.00918123680626 2.02489196357e-63 5.53055822455e-123 7.4766447243e-60 0.0280082898421 1.17859363824e-216 3.98654959725e-155 2.05181628453e-303 4.6116044581e-21 0.0 3.70058182883e-232 
0.0 0.0 5.48516794906e-228 0.0 9.07653466432e-46 6.81492150696e-77 0.0343624270298 0.0 0.0 0.0 0.0286050715298 0.0137208525363 0.0 0.0 2.11550975804e-304 0.0785760944908 0.0 1.22821405507e-120 0.187837279056 0.0 8.18341303539e-17 0.0529134425576 0.0646612753386 2.66611892098e-108 0.0 0.0945323306213 0.353977999279 0.0 0.0 0.0 0.0 0.0 4.17768472032e-315 0.0 2.5912712116e-300 0.0259362636021 0.0 0.0123998745066 2.05416656491e-307 0.0524770894528 1.29730308055e-297 0.0 7.5227893299e-277 0.0 0.0 
0.0 1.10769399661e-278 0.148673405628 3.25732456677e-07 0.151102202254 4.03966007356e-07 5.40870630701e-107 6.140529475e-271 1.8736025245e-72 0.0347888451488 0.0945341127294 1.80059778225e-140 6.40100299885e-108 0.134339207592 0.0134107199362 2.00292984771e-42 0.0164386409446 0.0575250467686 4.8535039308e-48 5.74255703734e-305 1.97898858874e-10 1.23931850302e-05 0.0292553989382 0.0210366832384 2.93974902353e-132 2.3094937771e-13 1.18406852204e-133 1.45105767257e-162 0.0 9.75578297039e-33 2.01266180817e-154 1.42792511785e-263 5.07492817911e-208 0.241372587795 2.05193602203e-144 1.05888278098e-104 2.95456316359e-31 4.93737477691e-142 1.19498922005e-83 4.83189936075e-45 1.36560108581e-19 0.0 2.34452410181e-92 1.98617886723e-122 0.0575100259452 
2.27663198951e-105 0.0214743624848 4.43593164272e-31 1.67550132443e-31 0.161566130367 0.0421316624552 8.18173830875e-112 6.3880944209e-23 2.42013104682e-93 0.13089723501 0.0075383633321 2.54093983374e-240 0.0810657326405 0.035961115095 6.06155196427e-62 2.05064565926e-165 2.32925638025e-76 1.09335343339e-129 6.60921419455e-29 0.0657474099902 0.149832449094 0.0212530523089 5.25186765349e-43 4.80942393134e-195 1.12151934835e-46 1.40747762477e-99 2.14595369433e-91 0.205881716337 5.96664881502e-238 7.2754907234e-100 0.0266477553358 3.05671594723e-118 3.00472357466e-152 0.0 0.000349102859808 0.0 2.53794419015e-48 0.0 5.08234337115e-61 5.34388183682e-18 3.85723445209e-115 0.0285040030505 9.1209408416e-110 2.11215214994e-140 0.0211499096385 
0.0 3.66053060911e-103 0.0334613278252 3.45301166094e-61 2.84072187343e-19 1.05416100645e-10 0.0485627067345 2.64110356456e-279 0.0 1.96424916761e-64 1.00160931197e-33 0.0150733067088 0.0 2.89614391559e-95 3.21054482029e-302 1.32350486179e-12 6.17435684551e-97 0.0200271212462 4.64071210299e-37 3.78594150856e-14 3.7736801249e-12 0.00191816867592 0.0248330328145 4.52685139797e-97 0.0 0.0753250402286 3.72968864287e-26 3.59410567926e-102 0.0067322221276 7.99518479076e-103 7.13698987209e-144 1.1409772962e-98 1.03385323371e-194 0.751316530779 1.1564199838e-176 0.0227505427496 5.89241528856e-91 4.5263728868e-81 8.804916877e-100 1.78090381491e-38 1.28820798163e-249 3.59171041311e-102 1.33218910093e-38 3.09211789211e-229 2.05108755471e-146 
9.44583818011e-110 1.78970274494e-35 2.33479093483e-107 0.0347103414282 0.0603498602591 0.0266608596144 5.94657378145e-139 0.0249996797511 4.52564709434e-165 0.039963328479 0.0153336212027 2.59886254047e-237 2.28818539656e-115 1.25407949442e-69 6.67959141495e-97 6.95108605522e-131 2.52698784051e-05 1.81366361876e-42 8.16756514454e-96 3.34495966994e-79 0.0562521129208 7.98322693893e-134 7.38966729078e-222 2.19253899407e-147 0.0799683080897 1.86942727805e-224 4.29427455222e-59 3.17466220303e-89 3.6465834901e-47 2.14712031751e-58 0.119458797961 5.35647111251e-154 6.11638181334e-16 1.06450855042e-238 4.59880862338e-46 0.0173081470285 0.0458727465272 8.76589838194e-98 0.00469168417665 0.0129721288034 0.0756714003039 0.026912988084 3.90309908911e-24 0.319739575517 0.0391091499746 
2.51383617534e-18 0.0476498389622 1.68474636367e-59 3.40876147374e-38 0.0180035690654 5.71828659398e-134 3.46944578832e-85 7.10277880573e-66 2.50914743196e-66 0.0276007934517 6.26135258679e-58 0.0 1.0535851131e-112 1.84666594149e-146 0.0198441379227 6.16267126076e-264 0.0451005966305 2.39143759445e-261 1.07782511452e-47 0.0547199933057 0.301705502397 0.00671469375003 3.58175766751e-218 6.98129497091e-273 0.0142490150792 2.7038843262e-62 4.4175671361e-166 0.140260784389 7.64747694847e-55 5.03107710336e-64 0.00563076871335 0.0498561647201 1.23130034327e-62 0.000353402002001 1.62465718875e-30 8.67409460436e-98 0.147858262422 3.47327770055e-210 0.0661883741991 1.19276634241e-07 2.28299151993e-20 0.0231609190022 2.46476418206e-16 4.96177243346e-78 0.0311030647113 
2.46070611705e-302 4.56914157117e-170 0.622827430668 3.38281132501e-79 0.000507531473199 2.12754699138e-85 6.96471153042e-114 2.89431580966e-305 0.0 8.14457609411e-112 0.368544816527 3.9327454093e-307 0.0 1.80989945045e-171 0.0 2.60576091256e-26 3.37240494622e-98 5.05242268051e-128 4.91248770212e-63 4.40853273386e-188 3.49271590876e-41 2.6691640424e-63 4.88057660077e-229 2.76740617838e-46 1.12609058e-296 6.65645797142e-20 3.44767494705e-115 3.46682707923e-290 2.07848808203e-148 4.11254532604e-160 1.77708440501e-156 1.05477186609e-139 5.79312429007e-316 0.0 2.53822634096e-255 0.00812022133168 8.03136450416e-127 3.81159338774e-171 2.51160309961e-293 2.74230786987e-50 6.66524325168e-129 1.96952343336e-292 1.69237483065e-138 1.17233229686e-179 1.0579247785e-206 
8.56798651112e-82 9.47431902278e-99 0.0 0.0741938708948 6.08071293619e-318 6.55106492449e-170 0.0 0.0530219745074 3.08769717892e-10 0.014786201657 9.1601360534e-106 0.0 0.0134115591955 1.04950754181e-116 0.053862443608 3.69521093069e-306 0.0118672544053 0.0 0.0 0.0343258066705 0.0 1.96978763106e-174 0.0 2.62026702702e-173 0.442319751397 0.0 8.99949435903e-286 1.82429731256e-73 5.20228102841e-60 1.98384580172e-73 0.164092740146 1.01339201814e-121 6.22655867694e-30 0.0 0.0684357170803 1.01328014258e-79 1.12409837711e-43 4.10714826529e-231 4.60192135431e-54 0.0 8.02768449215e-54 1.45386391836e-12 8.83943849319e-63 0.0696826801275 5.71151589755e-46 
0.0335922647267 7.76070326531e-113 1.73289317354e-231 4.2293267203e-125 1.17624897373e-175 0.0142267983095 3.6286681239e-160 2.06280325391e-109 0.49118555953 1.07800055197e-56 5.66991592682e-139 1.32909232849e-197 1.1401262604e-69 4.29663478006e-15 7.91774688046e-145 0.0175728406761 2.36765343752e-09 2.78212325162e-287 2.82317321807e-230 0.112560357203 3.63602975274e-82 2.80444768627e-101 7.20248194621e-295 3.41341484057e-151 1.98417959859e-33 8.83898496493e-193 5.02684743778e-122 1.47262826895e-48 7.02833377223e-182 0.00753148115606 6.03835289503e-30 7.64899650775e-166 6.27703746209e-151 0.0 8.29633552434e-87 0.0 0.151729993924 2.51042990909e-313 1.01260663191e-30 3.37039113881e-119 6.12607780079e-93 0.171600702107 4.83960461734e-28 2.04320222468e-39 9.42104820221e-32 
3.18296923296e-20 5.42660545572e-153 0.0 9.71738156543e-72 1.00635271085e-198 5.85303914937e-274 2.03314907015e-59 1.04111675172e-07 1.56345967509e-13 0.0168863563405 6.79335051919e-149 0.0044291126961 2.53765527073e-48 1.41279292298e-137 4.08759893505e-94 1.82972543973e-199 5.01387403513e-49 7.62593536053e-30 4.69132175339e-268 0.0316345563844 0.00518721418631 1.38359570287e-262 5.7574855894e-30 2.87874806975e-239 0.113926541816 4.62740557014e-308 4.98750434081e-84 1.0132165066e-44 5.17355410262e-19 1.04139258642e-30 2.34855513789e-109 6.13481459487e-58 1.71610026007e-21 1.13735570491e-260 3.46926615343e-24 1.33531543779e-307 0.00011327704798 0.39117990534 3.17834936097e-209 7.25922520442e-98 8.03548381799e-51 0.432369727279 2.19643579874e-53 2.90856627095e-53 0.00427320479799 
0.0 1.97157145004e-91 0.019760896406 2.63880478572e-107 0.0562385124823 0.0 7.8973386532e-143 1.1865007723e-94 0.08228581634 2.47622341651e-25 0.0 0.565827490553 3.96672359471e-218 0.0 8.70161499447e-193 0.0 5.99794128831e-72 9.49423330627e-208 1.1352123273e-87 0.0994716671794 0.0563255235704 1.03326953369e-139 2.76895661306e-163 0.0 9.07833937808e-123 2.99906177838e-173 1.40315087951e-192 0.0537122884905 0.0203227392149 1.17412880216e-138 3.54137802483e-96 2.96614635604e-202 4.4863012292e-268 0.0 2.23595203381e-126 0.0 3.95033207465e-91 0.0 0.0460550657635 1.88778248318e-137 4.42283273824e-138 6.7775076575e-84 4.78888861788e-134 0.0 1.31597457285e-190 
6.53293395972e-20 0.0128785703675 6.54946325876e-08 0.0451884486718 0.0806145337407 9.49610770909e-131 0.00427962512972 0.470470116331 4.09686341217e-198 1.0614170336e-12 0.136664567436 6.727181772e-165 3.22268032061e-78 4.63009577864e-133 3.34180669457e-111 0.000949989387044 0.01892883796 0.0411316803762 4.30951845384e-66 1.94099330318e-39 4.87726115173e-68 1.50198272921e-46 3.901689502e-202 1.5663096739e-107 4.7980806685e-52 4.28238394125e-110 1.65229107114e-48 1.61749839914e-46 3.66640481992e-42 4.32514299741e-78 0.0276967763846 4.49820362581e-36 1.54437556822e-243 0.0 8.18275636412e-05 0.0577301669385 1.00499184941e-21 1.60505443867e-95 5.98946075663e-86 2.88099369889e-129 1.7345950237e-133 8.68802386279e-21 3.01609526917e-25 9.80248657868e-205 0.103384794218 
6.51626130356e-119 0.029905776844 3.37800036663e-262 4.66436759228e-06 5.25191503945e-62 0.150996936026 0.0 1.42598337124e-88 0.0709135587195 1.70636637317e-50 0.0134747307295 0.0 0.076531641592 1.40404617058e-53 3.13382641069e-35 8.46445317753e-210 0.0263251712761 3.01758433023e-295 7.74680100991e-151 4.59911334191e-29 1.81500934314e-187 3.75307795898e-22 0.0 0.00493520992927 2.71086175269e-08 0.0 8.51760397609e-201 4.62469241023e-06 5.70624995303e-25 2.51033371542e-33 0.188163030151 1.16568964307e-106 1.87789501787e-27 4.50452486777e-276 0.0658586339724 0.120849212494 6.1436025006e-23 7.99792578495e-146 2.61575787404e-60 9.86278347685e-245 0.252036782096 7.43657172916e-25 8.84799136413e-42 1.60329364186e-52 1.34696173132e-28 
3.04965256773e-16 7.22491896434e-74 2.85058116318e-221 0.0144766700945 1.99754177964e-08 5.57539000142e-76 1.60867500159e-28 3.56597138211e-25 2.57243243176e-16 1.48655005202e-20 1.62613929414e-86 3.10025324794e-111 5.14435939906e-05 1.70275744687e-141 0.0349389525819 6.90465206573e-257 0.0856997334328 5.93525091477e-69 5.4986378674e-84 0.173904174157 0.0126354154831 2.16685438969e-102 0.0088184053912 2.37367881816e-237 9.67074401601e-14 2.71760153605e-124 1.91188182705e-11 0.510433123339 0.129085090216 3.65820334681e-62 6.15933209012e-13 0.0154194420604 1.17972616847e-16 4.71012599351e-287 0.0145372455621 8.29051123524e-172 2.84092720521e-07 1.12755157907e-31 2.05917459633e-78 3.82242740942e-51 1.39189485569e-15 5.33547325365e-14 4.1275507392e-35 3.86048616383e-88 2.55720352654e-55 
0.0 0.0 0.048234496899 1.03006433825e-157 0.520169079207 9.2326581905e-80 0.0059234513238 0.0 0.0 1.36532916926e-157 0.00313876024711 1.37032024505e-132 0.0 1.46519304231e-106 0.0 0.330683451246 5.81474090755e-182 8.03799232797e-38 2.86367444992e-68 5.36887402724e-272 0.0404880421906 8.34126609622e-27 1.26950781908e-97 6.17007896383e-63 1.8587292922e-255 0.0513627188866 1.82407418399e-100 0.0 0.0 5.76227027566e-127 2.09674346045e-120 0.0 0.0 1.44639409792e-114 1.24045047558e-222 1.82749012395e-41 2.00198751191e-167 3.39501793682e-80 4.51882649789e-299 1.38445031384e-88 4.18610094639e-123 0.0 7.51712970829e-167 1.83860961045e-240 3.52339252091e-62 
0.0 0.0 0.214059624879 6.82701151204e-07 1.47607711873e-06 0.0410009621164 0.0481076110993 1.15650742697e-119 0.0 0.0503479574141 2.39128113919e-30 8.31182547759e-35 0.0 2.37354751369e-32 2.98303318068e-209 4.06500881321e-150 9.54098980945e-45 0.104747873531 0.0661587063732 1.99995185313e-39 0.0127463153651 2.81325070883e-51 0.00213822917513 2.24142631407e-244 6.12025691418e-146 0.0543127563141 5.08930952038e-05 0.0 0.0784709391306 2.33975546804e-84 8.87426411414e-05 0.103184901699 0.0 2.59864619826e-10 1.32435290015e-265 7.39529881969e-05 1.10170689312e-25 2.23218952605e-36 1.16212957815e-238 8.06057578096e-13 5.15029482201e-227 0.0 1.24328457217e-54 1.10322209287e-244 0.22450837514 
0.0 4.04789440701e-264 1.77665378654e-84 0.0 1.09243625963e-50 0.122345422503 1.19570442243e-52 0.0 0.0 0.0 7.44660110784e-97 4.05811814508e-121 0.0 2.3995103871e-44 0.0 1.39885236651e-09 0.0 4.57705113863e-05 0.661899007615 5.94348813258e-267 0.0191551327112 1.58672684234e-31 0.0137443731989 5.09734203306e-115 0.0 0.0623759626501 0.0745126035147 0.0 2.8275023164e-102 1.58845508332e-190 0.0 4.22779062172e-113 6.65561755779e-209 2.71015215924e-212 0.0 9.73508729576e-38 0.0 0.0459217258963 5.89396446952e-265 3.40161574857e-23 9.99117643922e-295 2.45371116744e-259 9.25808808463e-272 8.25090346486e-194 2.79631637006e-114 
0.0 0.0 0.0670699662854 6.38824598335e-08 0.185353611097 3.3300986624e-117 0.0106527709635 0.0161637901327 0.0 0.132438957191 2.65729967196e-52 1.36779819117e-312 3.62481920332e-275 7.86041340065e-124 7.30806940862e-134 2.03473135842e-43 2.48267084419e-18 0.0990101106551 2.03082175095e-86 0.0 0.0274844198457 8.55474391654e-58 3.95698128563e-88 0.383749627436 1.26260861986e-130 3.50138575591e-55 1.00001101956e-29 0.0 1.02173304215e-181 2.37804563001e-159 4.72466224224e-233 1.68141696236e-242 5.07670330003e-289 6.03060152291e-90 1.38043295241e-127 0.0669229987985 3.13742571997e-27 1.9214374035e-71 0.00315014748378 1.17765764541e-35 1.85869327589e-137 0.00800353622855 7.81803932452e-48 4.87685356067e-81 2.27366505337e-139 
0.0 1.10987237442e-252 0.0675153243005 0.0 3.21898174977e-67 8.11426517291e-102 3.72162616086e-35 4.86696412642e-249 0.0 1.36137844627e-293 8.26106223556e-149 5.80429826438e-168 1.43415081604e-93 0.515689235882 3.39350947462e-196 3.78892666524e-87 7.39563930913e-220 3.73972236525e-08 3.3925428076e-32 2.8722061744e-121 6.31777283132e-33 1.83627071839e-102 2.30042020745e-26 5.94972824391e-155 3.51817523769e-222 0.0343293574727 3.3809645356e-28 3.35346690166e-55 0.0 3.13875163166e-132 6.49691359898e-222 3.02050491045e-317 6.25625365248e-137 1.56347893586e-11 0.0 7.87984058038e-42 3.47842059576e-293 0.0260761165402 0.0041847364549 0.317731643342 3.21134412573e-216 0.0 5.8640519781e-224 4.4432494549e-196 0.0344735485949 
1.49206617269e-110 5.04797878762e-85 0.0343760512888 1.92985360114e-75 0.0801623817039 7.71950994979e-29 4.07716208652e-39 0.0212587365815 1.92325649454e-127 0.0107229237556 0.05108193379 0.0 4.72988094862e-121 6.19064040059e-66 1.24523316616e-39 2.03657649163e-83 0.0703046425559 1.46428304888e-253 5.74394529002e-21 2.39951136834e-157 0.0436951137613 3.2387411713e-37 1.66016437672e-135 1.10189295863e-69 0.0137252266639 2.37523739543e-25 1.89821986076e-81 0.0100134259743 1.16892511236e-12 3.27627276428e-89 0.153217300319 1.51887936912e-107 5.2386135374e-138 6.65178373775e-164 0.462685453679 6.1596263734e-14 9.96894834633e-16 3.94916288124e-300 8.65435210935e-31 3.81137863874e-136 0.0487568099252 6.14611658142e-69 7.74822400977e-59 3.4793268384e-62 8.65945976663e-70 
0.0 1.24486801621e-120 0.166687750094 0.00581736880912 0.068256233157 0.0769369974501 2.22743356125e-103 4.20009303816e-20 5.67407004323e-41 0.000326021671801 0.168207039076 9.28220592507e-141 6.51995642653e-150 0.0191751457185 2.98640506862e-264 5.07764397385e-91 1.97152607542e-50 0.0171986926299 7.16206233873e-25 0.0 2.09230644552e-47 2.37436095905e-10 0.0723210546131 0.00327282040387 0.0302657347845 0.0797574887328 5.12221941166e-05 0.0 0.0 6.88360476558e-58 0.0853577631727 5.46798799464e-241 9.08203480576e-211 0.0 5.40759761706e-305 0.0112874810396 1.95678152881e-13 2.47251629248e-51 2.40598526023e-230 0.195081186216 1.259832474e-51 0.0 4.55230022165e-28 0.0 1.57028126492e-167 
0.0 3.15320092789e-88 0.243906035307 0.0750458359906 0.310718755447 1.00432622271e-118 5.18876157994e-117 0.0 0.0 0.130253134371 0.0707887774778 2.04768539577e-05 6.92140147877e-255 2.94543017409e-267 1.48254726812e-285 2.18138012485e-168 0.0103062986617 2.97765734378e-175 1.1710100696e-63 0.0 0.00984848657784 1.530588624e-15 9.1922924797e-200 1.95342053589e-138 0.0 0.123005415828 3.38690995952e-205 4.38432917873e-197 2.33638051918e-282 1.08897889927e-171 2.48051725486e-195 9.82936933325e-181 0.0 3.88157614358e-196 3.23910050479e-254 0.0261067834853 2.09401919408e-35 1.15299508709e-290 1.26209229481e-116 1.11685799176e-123 4.86624746002e-221 6.34681880211e-191 4.19533050831e-30 0.0 1.70637485996e-204 
0.0 2.99002319154e-139 0.0434848482414 5.47690396322e-42 0.0241744362637 0.0 3.52625564695e-218 0.0 0.0 0.454287343803 0.123893115869 0.102898486183 2.57989661887e-233 0.0 0.0 0.0 0.0847674211201 2.94426065845e-179 1.17288651714e-89 0.0 0.0 6.92302741439e-43 1.55482162769e-99 2.22506210814e-215 0.0 0.0 5.23616636775e-187 0.0 0.119564700438 2.09537802942e-136 5.56559476695e-121 1.02449363875e-244 0.0 0.0 4.86447585133e-162 0.0 2.8734270027e-42 0.0 0.0 1.08559741216e-144 0.0 0.046929648082 1.21705676386e-189 0.0 0.0 
0.0 6.65110872876e-136 0.0736309553262 0.303287106834 0.0230154820372 1.87855753782e-51 1.6850035453e-80 1.68585007962e-217 0.0 1.06677525644e-29 0.0860443112124 5.80519981607e-272 0.0 0.0115998236351 4.21622191214e-215 3.5096218182e-91 1.53137458946e-45 1.05233467092e-72 1.81414151672e-24 1.49738931393e-220 2.23108242733e-47 5.21556598827e-26 2.56473482318e-110 1.05527626418e-11 5.80088854921e-244 1.19303681536e-167 1.26113298757e-158 1.95247377903e-217 1.87447682856e-09 1.78710089242e-38 0.122747572052 4.8061681587e-81 0.0 2.08722175932e-24 0.0449369479883 3.07671447152e-183 3.58906593679e-65 1.4280658638e-45 0.0322231251481 5.6245107355e-193 0.0 1.31470837454e-215 0.302514673881 1.50685351148e-269 9.88935255203e-79 
7.56455491123e-89 1.41050189076e-125 2.86098441666e-179 0.163795497045 6.51499983101e-111 3.64462598146e-136 0.0 2.69478463402e-195 0.112447822758 2.06281363319e-53 0.0061458812578 1.36916306646e-299 0.0441403074402 5.66423257942e-84 0.102483544055 2.14986247346e-272 0.0935917850688 0.0 4.18372168454e-138 1.54245906051e-223 5.13883256998e-267 7.06846370987e-113 0.0 8.79056835224e-248 0.17181159467 8.97196154702e-287 1.92285331572e-298 0.0 0.126867473135 1.81549923753e-96 0.0396488044917 1.69123184131e-136 4.2696481793e-26 9.17822356087e-270 0.00832752872105 4.46316712867e-232 2.13419746333e-32 0.0 1.7675665729e-86 2.0284254307e-294 2.85044845268e-19 0.0151826985491 5.63858459302e-36 0.115557062807 1.62756340011e-111 
0.0 1.23211300084e-216 0.035140760057 9.97265665341e-272 1.54627202275e-77 7.36366414542e-107 0.0325124074379 0.0 0.0 3.61372385033e-201 0.0211262361167 0.118534986708 0.0 0.0386877638913 0.0 3.5664304784e-58 1.03063073295e-276 0.0579888763919 8.26682678122e-120 2.66489841702e-249 0.162545391009 1.70329955585e-17 0.365830690647 2.26994907579e-139 1.32301009787e-260 7.64909451234e-28 1.82085604502e-21 0.0 1.46154037103e-127 1.82006610195e-57 0.0 4.00086260237e-137 1.07583296787e-215 0.10279913912 0.0 2.15648709083e-139 6.49953669403e-272 1.24693079303e-61 7.43255494245e-193 6.02520232341e-32 1.43120189418e-126 6.65846159098e-244 3.48316131634e-238 1.65865135745e-110 0.0648337486207 
2.14924768858e-129 1.71457904259e-66 0.0 0.00217474112605 6.4076739622e-46 2.22880066805e-39 1.6316805729e-79 3.30729593675e-35 1.64211981646e-36 2.27907166412e-32 0.0488902280438 1.11406853578e-286 3.76935227087e-40 1.87876260602e-51 9.26800810156e-50 1.13464576594e-125 0.000803115449524 8.66032902559e-09 5.02450790651e-126 3.67561030724e-35 8.56155130243e-59 3.3820759236e-32 4.81636661723e-133 3.79645116931e-119 0.0699774878464 4.93679654851e-149 7.24981642456e-64 3.67814182237e-14 0.0260397604587 5.95243512737e-30 0.042346002452 1.44056412099e-95 0.573206273203 1.57751801477e-171 0.0397117263488 2.69572424371e-26 0.139337982316 0.0351317803791 4.07559353356e-61 0.0141091488877 0.00827174482799 1.00630018824e-50 1.50327918486e-27 3.80825252607e-27 3.43249506321e-68 
1.08163338803e-89 3.71455743697e-101 0.0570940824918 3.44238147877e-39 0.410671571922 3.14152118665e-81 6.53779272994e-68 3.94313370755e-20 1.49375405264e-140 0.0549062841327 7.60279132827e-06 0.0 0.0122595342515 5.98547860556e-296 0.0129919576883 0.134284635392 4.9303074851e-97 4.9713680869e-54 3.40504742554e-47 1.3885454297e-167 0.140559688614 0.074393913613 1.06135897063e-182 8.12222607079e-77 3.89922876581e-104 4.00751949874e-48 7.24581093346e-89 1.26363632996e-105 7.52388567177e-55 3.49854959948e-129 3.1725316274e-123 4.20480073612e-79 7.61603661681e-238 1.73616876902e-246 0.0754311967164 0.027399532387 8.79451397678e-33 9.67885854008e-179 2.35408720372e-81 5.76476038293e-31 2.16151282191e-42 6.85242679686e-43 4.07897044259e-111 5.24402147781e-253 1.35372923105e-67 
0.0 1.23208284986e-40 0.28270480635 2.63123587626e-37 0.0480676236717 1.70467100479e-68 1.15811832876e-86 0.0 0.0 2.73943232566e-42 0.0267817032926 0.0129235406315 1.40568532609e-224 7.7095555945e-240 0.0 8.61756759566e-54 3.85680370191e-169 0.0267416756211 2.01861879626e-16 0.0 0.0742936988522 0.0804947466407 4.35286430586e-74 8.66504926664e-166 0.0 2.0522550663e-28 1.1291652609e-126 1.53168245183e-272 0.249419543338 5.1812559951e-170 6.34475526062e-293 0.0663152541586 0.0 0.0 1.00501946267e-172 0.0123926528242 1.7679510608e-79 0.00628757023527 1.67471086289e-194 8.71509413614e-85 1.93709242692e-266 0.113577184384 2.12903160007e-174 0.0 0.0 
0.0 0.0 0.234435809733 2.22768777797e-09 3.07676318437e-64 0.0972029813025 0.0208420171506 1.22839408877e-46 0.0 0.0230487920142 0.0350826533389 9.9583350429e-23 9.86947446511e-260 0.177776242056 0.0 0.0274926065516 4.31734818255e-240 0.0194787799243 0.0243711364437 1.34651527332e-168 0.146732087293 4.88532403238e-06 0.0136766038904 1.11697632604e-143 7.4045340416e-108 0.0375795982155 1.56112652433e-75 0.0 0.0 2.4271483497e-149 0.0 0.0 1.23629568764e-176 0.0 1.4841827147e-146 0.0 3.28016986973e-29 2.2193512747e-141 7.61651008924e-229 0.113747626213 1.68878501463e-124 0.00252507634885 0.0 2.79029695257e-99 0.0260031019719 
2.37479124934e-317 0.0683737904548 0.0197536726087 0.182737562903 0.14458374802 7.80057394048e-201 2.13974720797e-193 5.67060366462e-142 7.04386627603e-32 0.0385106377001 0.0685409762357 0.0 1.29535975915e-111 0.00584657683223 4.25276463743e-05 5.20533972328e-20 0.0433293168416 0.0 3.96225143406e-72 0.0185595490425 0.0749827815482 2.64105668885e-17 0.0 0.0285299440067 6.20698800068e-130 7.9832272463e-99 4.83459485256e-202 0.0823674112431 1.99805406503e-245 5.9398570989e-96 0.0229085381502 1.31203448472e-173 7.83478158983e-177 1.29006125108e-46 1.28565843918e-07 0.0455489435547 5.12153362628e-06 0.0 8.7447836779e-66 8.61221144635e-277 0.155378773113 7.56245264343e-99 3.78133481456e-21 2.44621988237e-142 1.5295158392e-285 
4.3532322158e-280 0.0 6.30345317677e-47 4.15113324208e-202 0.0158081574922 0.114039284987 4.00265524072e-56 1.6672266777e-310 0.0 2.60250939212e-311 4.02503925089e-39 0.00803719242323 0.0 0.0 0.0 0.116649948178 6.82725662498e-211 1.73246105918e-68 0.272679179176 0.0 5.42914321412e-06 7.54499309447e-06 9.83310166461e-54 3.21959910566e-45 2.59193097666e-270 0.118331328961 2.01856661421e-12 0.0 1.97504813089e-48 0.0 9.71604503359e-160 2.60725394035e-77 6.41835273975e-302 0.0 0.0 0.0231417684598 2.33828212875e-294 3.14211989666e-164 0.0 0.331300166185 0.0 1.64224743276e-276 5.42534818731e-174 0.0 5.56770773392e-217 
# The emissions
2.12847872425e-265 0.0789511727391 5.53581714273e-142 0.200801022225 3.25229003025e-231 0.503830170577 8.78963682653e-232 0.0 0.0416379554136 0.0 0.0 0.174779679028 8.16242829146e-93 2.99355328351e-41 9.45628435472e-102 2.01720696664e-199 0.0 1.64403638361e-11 5.11653894169e-124 1.58569642005e-13 5.81607966213e-46 0.0 1.09400451316e-226 4.27318046727e-202 1.39062379692e-316 0.0 
2.3326151612e-167 0.122940419674 6.76062996757e-63 0.0392137481968 5.57258283201e-22 0.234834203169 0.0551429917407 0.0352902920395 1.94919533616e-194 0.0527539281117 1.21451775112e-08 3.61951538678e-16 0.24334849872 0.0632457480867 4.63509525773e-114 2.27817508756e-33 0.0182964149 7.35608152303e-17 1.00337571589e-27 0.0227711796236 0.0 0.030980171485 0.0811815791641 5.95742559372e-286 8.12943223613e-07 4.36678569577e-168 
4.15536116696e-45 0.0 0.0 9.55387881509e-317 1.0 0.0 0.0 1.0291288128e-253 1.14008098544e-173 0.0 1.68127516654e-271 0.0 0.0 0.0 8.46776076187e-48 2.30016224438e-268 0.0 0.0 1.26526002858e-67 6.96391907954e-185 8.07734237278e-40 1.95416580578e-238 0.0 0.0 5.48211235013e-45 0.0 
3.22432731887e-265 9.61104359985e-247 2.63308518563e-87 1.81293762558e-144 3.30697593368e-100 5.64107724698e-204 1.50888983106e-86 5.69907955866e-99 8.95505004719e-102 0.0 5.41693351735e-39 5.10650277222e-49 4.09218074783e-110 4.1316776548e-47 0.0 0.0479968694216 2.32778991878e-279 1.33944320488e-83 0.952003130444 1.34785050397e-10 2.26070710539e-259 4.19157444382e-95 2.78291726085e-251 0.0 2.59216194176e-83 1.1074985004e-145 
2.80589068844e-82 0.0 0.0 3.71658347107e-209 0.995212982448 8.76715692289e-275 1.94142712823e-214 1.66900651785e-107 1.55209942063e-50 0.0 0.00271833405484 4.80929043865e-230 5.52627554874e-164 1.90088714074e-240 5.93817902698e-106 0.00206868349724 0.0 0.0 3.86966007841e-67 1.10320973951e-105 3.88972966444e-140 0.0 0.0 0.0 2.20944753788e-42 0.0 
2.08573717681e-29 3.79654865534e-239 0.0 1.36213343685e-252 0.15864870617 0.0 0.0 1.41012467602e-291 0.84135129383 0.0 0.0 4.31058935945e-248 0.0 7.53087590291e-218 6.3558836542e-23 5.14334988984e-148 4.5588779685e-126 4.06129682811e-157 1.22823845893e-167 1.96380518046e-200 4.75747767698e-30 0.0 5.88892116967e-249 1.96905102079e-286 9.25925905089e-42 0.0 
0.674095752781 1.54227423169e-261 1.78394812854e-281 7.95939447346e-290 1.10931874704e-22 5.36581860836e-265 9.04176709673e-292 0.00536609362543 3.89347404523e-128 0.0 1.08379907638e-196 0.0 1.33799534681e-257 0.0 0.320538153594 3.76592867226e-160 0.0 2.42679810829e-274 1.50971727608e-90 3.16422856703e-230 1.49383279907e-74 6.42210664988e-305 1.02747266318e-284 0.0 9.61929776816e-259 0.0 
0.0 0.0 1.38924653802e-266 0.751558504642 9.34975581526e-126 5.87889264729e-05 0.00423135532718 3.86715972788e-127 9.73283720945e-173 0.0 5.60483788502e-71 0.244151351104 1.16298330096e-46 1.96085299238e-58 8.8208150957e-135 6.09209946292e-83 0.0 7.24299318888e-21 1.36081985238e-14 5.38213115264e-13 5.01142731854e-260 5.80731114134e-60 7.67369486967e-108 1.49151440162e-247 3.66397631729e-21 0.0 
1.7802858311e-128 1.07154008108e-251 3.4877457127e-103 7.11346471139e-52 4.71698415307e-186 3.75938579711e-102 2.13717486677e-173 0.0 4.84555597736e-66 0.0 8.59717059201e-253 1.25186388053e-148 4.43429350596e-212 0.982329858723 1.87932721803e-305 5.48854437708e-55 0.0 5.30760417414e-65 4.52076692116e-137 1.0017083981e-60 8.37114718494e-221 0.0 1.69157484241e-273 0.0176701412769 1.67972486512e-310 1.17768296444e-149 
1.74872376636e-107 8.79380448478e-172 4.65987312868e-171 4.43221514794e-162 4.48302017094e-115 1.51315589236e-142 1.31225419234e-102 6.83583103618e-110 4.45224152763e-84 1.15680707735e-192 4.75418068426e-151 3.18517929547e-107 6.95569806101e-203 1.08600255304e-189 7.27707524402e-107 2.69325967142e-109 0.0 4.88506354572e-212 1.0 3.77856279394e-113 1.74627330167e-108 6.4281862421e-179 2.57110146572e-163 1.60270131474e-276 4.96403557938e-94 0.0 
0.0885094981589 0.0 3.68076502321e-284 2.58907498337e-288 5.00184596991e-42 4.70030370279e-209 0.0 0.00485563420709 0.906634867634 0.0 8.30740685741e-154 3.86295056592e-243 4.63822822463e-272 5.91064964826e-208 2.58254736349e-121 2.43445453253e-168 0.0 6.00055551902e-274 2.34342724806e-67 7.71965528498e-155 4.55177302467e-78 0.0 2.41979645132e-275 0.0 3.11730601612e-44 0.0 
8.35340378456e-81 0.0 1.56349936698e-230 0.0 0.00214610394671 0.0 0.0430338447567 2.44005479251e-116 1.11054928124e-177 0.0 0.0 0.0 0.0 0.0 0.954820051297 4.65771269133e-266 0.0 0.0 2.04710243049e-208 0.0 0.0 0.0 0.0 8.94852518101e-106 1.18554092614e-241 0.0 
5.51708500661e-209 1.18262648947e-159 0.389396565243 3.0229143051e-32 0.00456645510381 3.31321769673e-177 0.0 0.0 8.21223763256e-139 0.0 1.98537571085e-291 4.18355875344e-12 8.72095123901e-186 0.571768285591 1.79345642785e-114 0.0338889833491 0.0 2.85326973058e-21 0.000379710708746 1.66689798156e-23 7.88381891207e-93 0.0 2.19886126854e-198 1.94537813957e-26 5.72574779653e-47 0.0 
7.96955580938e-159 0.0 1.65662391266e-14 0.0 0.0249806513958 1.8516304184e-305 0.0 0.000926135984012 1.81355224305e-284 0.0 0.0 0.057764344049 0.0 1.76136736987e-71 1.93484682463e-27 0.0 0.0 0.916328868571 1.07365964363e-153 9.42852371517e-178 4.00089060008e-221 1.48994026959e-80 2.80200422382e-126 0.0 8.61835220258e-110 4.16854186671e-297 
2.6129469999e-241 1.20905454739e-121 0.146335753288 4.58487612781e-12 3.94392167108e-47 0.0153234748796 0.795946798114 6.20647935259e-282 1.91539995019e-168 8.8466117209e-59 6.69914443978e-74 7.27096930088e-107 2.51879151435e-88 0.0423939715732 4.62588608377e-256 2.08248356113e-67 0.0 1.90843085255e-153 2.14068705356e-09 2.40725075362e-36 1.00392521011e-97 1.36489258274e-112 8.30102216507e-263 8.01961894604e-251 8.81598323784e-160 1.0234989802e-294 
4.54920357164e-92 0.0 4.25826663102e-236 1.75982352149e-225 4.77595033123e-47 4.5365516779e-259 1.12434236101e-291 2.85812275924e-145 0.623499767772 0.0 4.98814086721e-138 1.07107753541e-141 1.0313663785e-220 2.13838811673e-184 1.13645286673e-142 5.97109096939e-143 0.0 1.09751624296e-175 6.32872799529e-116 3.23892604051e-145 0.376500232228 0.0 0.0 0.0 1.42445923278e-35 0.0 
0.0 4.85518100108e-158 0.136939590648 1.38290698432e-112 6.52773621797e-114 1.51995654755e-204 2.31470001347e-61 1.29832443396e-132 1.7322437228e-284 5.14373343474e-176 8.68386242727e-85 1.50761658707e-142 7.77583207708e-100 1.94084444144e-124 2.07115889072e-30 0.0408357182056 1.21893430818e-274 8.69427828108e-140 0.053814407238 0.68427042679 0.0 4.20043604739e-134 0.0841398571177 5.55852506072e-219 1.79042288141e-65 0.0 
1.17787459174e-24 0.0 0.0 0.0 4.52726135677e-18 0.0 0.0 9.24807647237e-160 1.51334307303e-67 0.0 0.0 1.73685819509e-275 0.0 0.0 0.245057011985 1.08930585244e-189 3.85249062002e-177 1.70218478271e-159 6.38952449841e-106 9.11505721904e-198 0.726356340651 8.47277501634e-310 0.0 0.0 0.0285866473642 0.0 
8.18724164635e-54 0.0 0.0 0.0 0.965471385396 0.0 0.0 4.61852565732e-320 0.0190686589151 0.0 0.0 0.0 8.31796706531e-215 0.0 0.0154599556889 5.06967701611e-70 6.43350772867e-189 4.85336841915e-235 4.00782729196e-291 5.01413421185e-242 7.86397548543e-47 4.42608956506e-186 0.0 0.0 7.1494733939e-49 0.0 
0.0 2.00566280911e-173 2.22022544214e-106 0.146784412779 2.77315278697e-281 0.200398501017 1.93606489865e-44 1.69736944241e-165 2.87567674612e-62 0.0280503278194 7.99324570276e-75 0.130133473061 5.00382156582e-22 1.60352715107e-32 0.0 1.31923011886e-105 2.84136226663e-268 1.0330176105e-58 7.31508311545e-45 0.0926031641088 0.0 0.378563807465 8.37875240009e-38 3.87902668921e-48 1.65533284734e-167 0.0234663137503 
0.874611719487 1.50647674684e-46 8.06310314823e-205 4.31206926469e-151 0.125388280513 9.77265998166e-85 2.0991098766e-239 2.68009851254e-159 1.96729040756e-95 0.0 8.65557663938e-188 4.69476852831e-59 2.56218559695e-173 3.78263576946e-217 5.32841589878e-86 5.8628211658e-94 8.43088445701e-117 4.6166933356e-204 7.07713449295e-101 9.44510008121e-157 1.14829573662e-88 0.0 9.49398051109e-136 1.65918510634e-116 1.44333997415e-110 0.0 
0.122554010751 0.0 0.0 0.0 0.375114969662 0.0 0.0 1.32660715523e-249 0.48640131945 0.0 0.0159259532837 0.0 0.0 0.0 1.03946949135e-42 0.0 6.58400814128e-226 0.0 4.9458815803e-145 1.09019960601e-169 3.74685324443e-06 2.89134280157e-299 0.0 0.0 2.1355345117e-174 0.0 
0.05395526625 0.0 3.21156986154e-307 0.0 6.73527963218e-93 5.46884581545e-249 0.0 1.09147733329e-182 5.2439596799e-91 0.0 0.0 5.10437986673e-290 0.0 0.0 0.94604473375 5.97973276946e-77 8.91491279071e-109 3.4464720298e-242 1.04933155169e-147 2.19412288546e-255 1.76155854498e-86 4.54355779681e-226 0.0 0.0 2.19619421386e-118 0.0 
3.52925303211e-217 0.0 0.0 1.08886060174e-293 1.10540787433e-106 0.0 0.0 1.96926430742e-133 0.988838776997 0.0 0.0 0.0 2.22618098715e-221 0.0 3.31612457515e-41 7.17404345236e-268 0.0 0.011161223003 1.51996839783e-25 3.594069746e-61 8.57207225589e-224 0.0 0.0 0.0 5.21065977878e-17 0.0 
2.83116367524e-186 8.4173597959e-66 6.6581313841e-149 2.92823253294e-62 5.31542891916e-165 6.23248007529e-294 7.19946729159e-152 0.0 1.21029399148e-61 0.0 5.63065713193e-83 0.630262892895 4.84092857134e-71 0.26560117344 4.40284932824e-91 1.76870749035e-27 0.0 0.104135933665 5.30588811817e-29 5.92391029377e-116 0.0 8.38201878976e-25 5.08373087287e-148 1.8883560865e-177 5.80067745085e-127 2.71259458262e-107 
0.957245929454 0.0 5.4319106971e-312 0.0 0.0381670807413 0.0 0.0 3.82803172059e-114 2.11360186024e-68 0.0 0.0 8.69247291804e-114 0.0 0.0 1.77361726991e-39 3.9684932107e-141 0.0 8.28679685773e-168 2.14339158169e-121 1.85942182718e-200 2.55428483543e-13 1.26813123879e-263 0.0 0.0 0.00458698980486 0.0 
0.216853537332 0.0 0.0 0.0 4.00409660014e-43 0.0 0.0 0.0 0.202673308813 0.0 0.0 0.0 0.0 0.0 0.580473153855 1.36302351504e-208 1.06578397802e-282 2.39620597835e-270 6.14844657097e-251 2.70374623816e-303 2.46480161268e-75 0.0 0.0 0.0 2.42048128416e-23 0.0 
0.0 0.00851971884028 0.377584516463 0.286528634441 3.83908547126e-193 2.46023906724e-78 4.72399950919e-44 4.42970849029e-313 2.57542951931e-228 2.18596549631e-87 2.94434790884e-47 8.00077519153e-29 2.83535906396e-09 6.64155045837e-05 3.8239098681e-300 1.65458172394e-112 0.0486387807214 1.60057838013e-123 3.01998573664e-30 0.0479345758568 1.03793428112e-231 0.230727353861 1.3021994996e-107 3.08984010032e-54 9.80299233361e-151 1.47598535636e-09 
2.31658050586e-220 0.280637451097 2.13884541198e-135 1.16935512705e-212 6.2341817676e-176 5.64587643185e-298 2.37028899368e-94 1.50452926857e-268 7.75054238284e-17 0.00860476641186 2.27624054122e-137 8.12701525959e-37 1.43825862418e-32 1.54672565838e-121 4.77071182213e-170 0.710757782491 3.90466362554e-176 7.1346119594e-121 3.2305825463e-28 6.21031677043e-43 1.47303436023e-200 7.61408501352e-58 2.7333016903e-96 1.72378579466e-209 1.30433664939e-59 0.0 
4.77223500012e-211 0.0765759945851 1.72205241656e-173 0.186617583012 6.48192905452e-104 0.0405548794267 0.0129714198708 0.0667815294293 1.34880761704e-287 1.59767860967e-174 0.0116594694692 7.74332802e-14 0.080578091998 0.062470018606 2.39103470252e-242 8.41141021876e-95 0.0 0.286161977215 0.0795920249431 0.0512800866243 0.0 1.12368666931e-51 0.0316727111144 0.0 0.0130842137053 0.0 
3.06320700422e-322 3.14035300441e-159 0.0406055359378 0.00407711259509 8.11560254657e-77 2.20115881332e-170 7.73227859e-125 1.22694945897e-194 1.47030409342e-108 0.0 7.62084730766e-10 6.27695395492e-80 1.57563493376e-116 2.02999569034e-05 1.0326069721e-241 1.00233686858e-83 8.35719732387e-165 5.02243123425e-130 6.9448370408e-09 0.955297043803 3.34517546615e-194 6.67217685205e-98 2.69226332346e-222 7.22784434304e-140 3.54811113452e-107 2.39526568385e-162 
4.0622357843e-35 0.0407444638625 6.51850438222e-07 0.042723344459 1.67685499165e-141 0.0441991034229 0.075407280183 4.50252675226e-151 0.0102591413429 1.01429811569e-132 7.28575821812e-41 6.38629133495e-151 0.0062540806861 2.30801604006e-155 5.51342092546e-113 0.612894426034 2.44317054681e-260 6.49992763076e-92 3.05723026234e-122 0.129524216068 7.22518583843e-181 9.50860271779e-150 0.0379932920911 0.0 4.79208110788e-63 0.0 
1.20658791024e-111 2.94993867834e-91 0.0832619553087 1.92702666884e-129 0.0 3.43047329169e-304 1.64536225475e-123 1.81023485701e-72 3.94882462286e-29 0.0 1.23542883471e-288 0.013335115772 8.94928411228e-234 0.104052633284 0.062042255894 1.45183259878e-140 0.0 0.614889021395 4.75902812628e-24 3.36150605072e-103 4.67856727417e-152 0.0 0.122419018347 5.9438272005e-61 4.45131133322e-76 0.0 
1.20222011478e-41 0.0 4.22337436414e-260 1.36880150572e-304 1.82993160238e-101 2.78237325325e-315 1.72059532864e-242 0.950201811126 6.22727783478e-177 0.0 2.17928966129e-258 6.3839540628e-127 3.20221186595e-150 4.03584833049e-223 1.42343460652e-80 7.84604954283e-105 0.0 5.34597875782e-71 8.23411603238e-91 4.56479371876e-85 4.73507979234e-87 0.00513048946657 0.0446676994077 0.0 5.36134458453e-128 0.0 
0.0 9.96928964019e-182 1.93911379099e-15 0.174158151702 2.25119933866e-97 2.79410961915e-264 0.138657272239 1.88080333339e-262 6.37598951345e-158 0.0 0.434916336893 0.0145314507398 0.175190305911 1.8090342527e-20 1.79510367033e-295 6.09918345069e-54 0.0 0.00019377322066 6.92502219554e-38 0.00669663911563 2.28280664176e-198 2.18897706738e-114 5.60717602505e-79 1.12871104245e-197 0.0556560701788 4.72828445307e-207 
1.74873386498e-171 0.0 1.97058582263e-241 6.85778580983e-165 2.05063043742e-95 5.70007316036e-82 4.7906467606e-236 2.47885947878e-132 1.65361680485e-57 0.0 5.42371141557e-152 4.07524860759e-142 3.43151535526e-84 2.44430704159e-133 3.37849558913e-92 6.81378420193e-79 0.0 4.66327042732e-125 2.95575958872e-35 2.01950380166e-102 2.44988935314e-175 4.99869213861e-242 2.50080168795e-107 5.13309725178e-214 1.0 2.37181217376e-213 
1.91681809848e-135 0.00458010030893 1.5944647656e-136 3.12785029644e-39 9.69358729387e-55 0.00927207270349 4.01133086491e-213 6.934846797e-310 4.59480366318e-196 0.0 6.71393110917e-182 0.010026122369 8.16026267681e-06 3.657015729e-45 5.84961456992e-147 1.32532753697e-31 0.0 7.24488023313e-53 0.806454835741 0.120200560557 2.66650170794e-263 4.46807358397e-223 0.0229628052959 0.0264953427618 1.01079103156e-54 8.39351426301e-316 
1.00477098027e-57 1.43072498389e-228 9.13951416334e-257 1.61464614533e-129 2.84673853079e-119 1.07478536573e-102 0.0 6.64801719525e-41 7.05367785906e-106 0.0 3.47908579952e-251 9.49220972944e-202 1.5211357624e-232 3.84383046396e-131 0.0273458139905 1.53120165282e-116 3.14174793627e-15 1.02729740973e-51 8.96513339907e-151 9.04263725533e-182 0.905672090313 0.0 0.0669820956963 2.71002176457e-297 4.36179604762e-224 0.0 
4.12279137409e-311 4.27601141813e-22 0.771323335606 4.04572579031e-48 3.92843070722e-172 1.54553810678e-30 2.54662848544e-67 0.0726865295219 9.25589302649e-282 3.06172961596e-64 9.0138145086e-213 6.80587137077e-36 4.43166654019e-97 8.27852571243e-50 4.76272954958e-37 5.70931438381e-21 4.85900751142e-123 3.98827020205e-142 0.113429233031 1.51684738957e-05 0.0 1.10852844592e-19 0.0286215970238 3.82301558439e-232 0.0139241363438 0.0 
0.353320720053 0.0 7.40867534415e-163 0.0 1.73185131585e-10 0.0 0.0 3.61891038394e-273 2.10216673094e-60 0.0 0.0 9.656881604e-284 0.0 1.01212633287e-290 0.646679279774 3.20173022028e-143 0.0 8.88352275349e-182 2.76202673999e-167 1.40862983815e-205 7.12550053563e-41 1.83878225388e-231 0.0 0.0 5.96276714087e-20 0.0 
6.34513397631e-312 3.80208831075e-92 7.41273602816e-25 5.63116159029e-30 2.53884538735e-221 1.04866689036e-140 0.0370985271038 0.0 3.05624967651e-122 0.0 2.49422541483e-38 1.1959203908e-05 0.117489877222 0.527937839494 1.09171985919e-276 5.88226330998e-68 1.67587738444e-287 0.224875492055 0.071291295669 1.23123174537e-28 0.0 1.49185861892e-46 8.36767555148e-96 0.0212950092532 8.20260376826e-57 3.88879289628e-160 
1.25450829978e-276 8.99571254094e-119 1.19633059171e-238 6.055871964e-50 4.43301959282e-200 3.11673274191e-213 4.53728117217e-131 0.0 8.11766363418e-170 5.02655684854e-152 2.07195707794e-178 4.81512264492e-09 0.814620807384 5.78821286327e-33 9.60327109973e-139 0.0761388598987 0.0 0.00827610414342 6.00373624829e-55 6.21021311096e-53 1.31945150976e-196 1.59286424177e-86 0.0107537072417 0.0902105165171 2.3577051071e-110 5.84016405741e-98 
3.73448061339e-207 0.0 0.00387132618303 1.74033974092e-110 0.0292025123827 0.0107529752936 6.00892162517e-157 2.62017725755e-93 4.2173176144e-107 1.37984285544e-214 2.05699174873e-115 1.77436338097e-61 0.0190869163583 2.52649761946e-153 4.058540464e-236 0.0654297740447 0.00498760046861 3.24600852493e-186 3.01089697495e-83 0.866668895269 8.81893960023e-87 1.7248636391e-193 3.02320054058e-31 0.0 9.77659375798e-210 0.0 
8.58495393457e-159 3.71442048062e-110 4.14569785258e-186 0.033779119569 1.18380244253e-46 3.61784834474e-263 1.32566214672e-54 1.09232277885e-190 8.6522796925e-168 0.0 4.11690917631e-181 4.44140459383e-76 0.0240917607224 0.0171184856221 1.01610146784e-21 0.00437892328782 0.0 0.920631710799 1.12983430254e-36 4.37552072001e-20 0.0 2.47423172849e-253 5.06945098537e-255 6.10717310943e-102 1.0066061918e-22 0.0 
3.10233590655e-272 3.65198786422e-110 2.77861018131e-124 2.13218184832e-92 5.29939685761e-26 2.14487548854e-94 2.02101612669e-103 6.15197332833e-31 1.36767528252e-201 3.18483277118e-164 5.58896309115e-107 0.981606220421 1.58524297464e-68 1.46420706786e-45 1.82939459835e-107 6.41616786834e-11 1.14777952034e-122 4.68933619718e-05 1.81502072678e-50 1.22309998235e-31 1.512008449e-252 3.29621234513e-92 3.78595697297e-29 7.89879421294e-263 0.0183468861528 0.0 