# The number of letters
26
# The number of states
45
# The initial transitions
0.0528503121812
0.01007669323
0.000508937391238
3.19787482405e-26
1.33287732827e-65
7.31558169481e-53
1.3581353097e-166
5.66392372681e-33
5.23751631769e-25
7.32584102653e-169
7.71711775927e-17
0.0730558946813
5.03523292063e-48
2.18425830993e-11
1.16088842711e-55
2.05043366839e-61
2.04132375252e-77
2.15705543041e-22
0.106677225543
0.0688229071065
1.69073052041e-142
0.124908926153
0.133204344657
7.5887657552e-218
0.0707239268476
1.28379720765e-16
2.9194221366e-58
0.0940816947787
1.47196194957e-69
5.20609471475e-254
8.75757745281e-154
1.43102372131e-43
0.0955613581494
0.0062700363
1.90529809813e-180
0.011437268037
0.00411357952768
0.0292241037291
0.0777661292685
0.0209540135894
0.0185008146778
1.87250563034e-99
0.00126183412954
8.84568260793e-43
2.46342798443e-45
# The internal transitions
6.23263812229e-320 0.0436796430912 0.0439245836356 7.20869491426e-182 2.65031629926e-28 0.0984320392544 1.17924861958e-70 0.0 1.14347233469e-22 8.59928200164e-295 6.04670706673e-34 2.63378854093e-151 8.74698220483e-15 1.68092669788e-87 0.00790020902316 0.0983343062605 1.62596330383e-24 0.0297099601364 1.22167953478e-193 1.19341969632e-109 0.0 2.95749909292e-106 2.20268148967e-122 0.0 2.07072061094e-108 1.31747019575e-11 1.25686782588e-83 1.95070053691e-127 9.52743122375e-123 0.0110520666148 0.313887736753 0.00327923119288 1.19937702188e-10 2.95910737264e-319 9.03959762119e-44 0.107451779638 9.64903243443e-199 0.0 0.0795484401945 1.6535718422e-308 1.19043325326e-187 1.40174112618e-124 0.162798181428 1.82259940372e-06 4.4664089631e-11 
0.00481527408301 1.28550838065e-16 2.96380211651e-102 0.000102260810174 6.90319194002e-14 1.48754843379e-55 0.0 0.052821283499 4.68016891727e-51 0.0926709565833 1.10567201165e-85 3.02773023676e-93 0.207267869526 0.0193437022458 5.08125730616e-69 7.76554240223e-138 0.0 0.0 0.0570777118457 1.04649966532e-50 0.152709743349 0.0397411108628 3.0255507037e-58 1.29013839683e-15 2.3621930915e-05 3.63051370441e-14 9.35053278823e-25 0.0476438063414 0.0332918897083 2.63558196792e-21 1.2955110629e-76 0.0137923002192 6.57508224354e-26 7.80207543565e-24 5.53404669723e-219 1.10783605862e-124 0.242288903797 0.014170923844 1.1897776628e-46 0.00861113151939 3.13643361155e-75 0.0136275098353 0.0 2.54875372823e-27 1.60607358659e-77 
2.86730075776e-69 9.51374703418e-65 0.0 0.2551345128 5.60893403971e-62 1.387449738e-43 0.0 2.71943440543e-08 4.23268215667e-29 5.29292303307e-89 0.00187817285102 5.53284114541e-168 1.9403960851e-09 1.01647251655e-43 3.26892916128e-105 0.0 3.54397120831e-18 3.0286325659e-37 3.04922735634e-175 3.40163761769e-82 2.76783251044e-98 1.37068044157e-34 1.8945349993e-112 0.0716967218603 1.25626771266e-31 0.107827883981 4.30775197509e-41 0.100650670851 1.87601154095e-29 1.92029583974e-57 3.91991698126e-180 0.0591289207963 2.54386798554e-62 3.98293750725e-54 0.0 8.34323180972e-87 0.324156394824 1.29961965469e-158 1.12398030955e-51 0.0789514802507 0.000575212650912 4.95313751711e-196 4.33916005443e-39 1.84962839535e-34 1.75717739834e-72 
2.32806524439e-51 3.22309663313e-39 0.0338705907791 1.81125393476e-251 0.02232150907 0.0739545556022 0.010803972776 0.0 0.210037361332 0.0 4.35651809826e-08 0.0 1.1848210247e-36 5.73572232607e-149 0.0 5.0412930207e-45 0.48509017141 2.36111824888e-12 0.0 1.4684470906e-318 0.0 2.22199742253e-66 2.87141768326e-180 9.63297620499e-76 1.03938396535e-222 0.0265093867515 3.07365867328e-84 1.39195630775e-248 1.43076524751e-139 1.93843201913e-178 3.52469558851e-16 0.00234211027881 0.00717186298402 0.0 0.0 3.0089927661e-41 6.24303071946e-280 0.0 3.74074994252e-38 0.0 0.0 2.60787850968e-204 3.4736942856e-16 0.127898435448 4.6967249211e-21 
3.77943755705e-29 2.73174070078e-167 2.62551560974e-273 3.42089104486e-07 9.48803859266e-177 4.31031625047e-156 0.0 2.22880737371e-14 6.29617650996e-139 6.86422705385e-133 1.92246560876e-135 2.26363660051e-164 4.40380775792e-10 1.03816474361e-72 2.02650400535e-273 0.0 1.27213952068e-20 5.46397475823e-25 4.97414596915e-112 9.23370517554e-274 0.013214117852 0.00151372019083 1.28630513838e-97 2.44463424504e-12 0.00375065872485 1.27096289229e-31 2.0439337236e-32 1.21645459175e-09 0.30693389391 0.348462920516 2.8030091754e-256 4.63754444819e-195 3.28511964897e-176 3.76348061429e-09 0.0 5.72857690897e-177 0.28102587513 0.0193602465974 1.89665664304e-135 0.0257382195664 4.84409386999e-23 4.50380613502e-71 1.84697979026e-15 6.28630983148e-172 1.36491370057e-204 
0.0948326576806 5.60171110451e-171 0.0 0.35287415842 9.67631834398e-70 0.0 0.0 1.17411355131e-64 2.78314317445e-163 6.29251797297e-65 8.91579012765e-176 0.00470053400447 1.38952877015e-10 0.0685189834592 1.04588853979e-146 0.0 0.0 0.0 1.19274437688e-77 1.30143255513e-191 0.028288522933 1.16698804091e-17 1.27113169854e-82 0.00272309726032 1.10167939643e-39 6.60323553559e-22 0.0603349803081 6.33213603965e-45 0.236982573794 0.0893828730635 4.03474285694e-139 2.31638299392e-62 1.75256790512e-58 0.038108555928 0.0 0.0 3.10839658267e-05 0.0232219790441 0.0 6.15358526802e-53 3.49539724977e-58 1.47471912045e-57 0.0 8.61911308192e-153 2.79566496703e-116 
5.64450079292e-130 1.04134836643e-36 0.0 1.26909084715e-42 0.0131127070725 0.421029837989 0.0 0.0172750053104 2.86696425684e-10 3.5339545043e-176 6.17134941255e-07 6.93767011375e-11 7.29723076202e-59 0.00670666426346 1.00752886935e-194 0.0 0.4497876155 5.10219830237e-24 8.41077986112e-100 4.27476312746e-218 9.234722722e-60 1.4200199057e-24 2.89588496054e-113 9.87440067426e-30 5.93284052372e-105 6.86264200015e-45 3.55635943951e-07 2.68126228546e-35 3.20565719723e-53 0.0549601985354 3.68110083519e-141 4.64985444061e-14 2.94078791367e-68 7.82420962585e-109 0.0 2.16764858284e-62 0.000401764081761 0.0360469787914 6.47293360314e-27 5.07599194719e-139 1.87373686143e-81 3.41734499421e-190 9.64340918294e-09 0.000678245685026 2.44083750178e-90 
0.0 1.18980826015e-95 1.51206861763e-19 1.19286168807e-92 0.00164994487606 1.03386418436e-82 0.247603415118 8.64213466249e-51 3.95195452971e-25 0.0 7.70800501287e-37 1.2670404884e-153 1.42240619417e-49 0.0 0.305610896204 0.127999945963 8.94993877406e-78 3.61442311205e-22 1.18215852805e-296 1.67625696286e-210 0.0 1.12452370831e-111 3.466751401e-80 0.0 3.66528486692e-104 7.23707677905e-31 0.0 0.0 3.76648449286e-171 4.81130738371e-202 2.09075427438e-58 0.156182082031 0.141897554346 0.0 0.0190561614619 1.20759504407e-43 8.75346584991e-274 0.0 4.90260000886e-99 0.0 1.42407955559e-281 6.62158112526e-254 5.20901158043e-16 8.95083562453e-42 9.71199524296e-17 
0.0771725435887 5.79427518492e-78 1.3702315207e-220 2.72828030129e-15 1.95672904545e-70 8.26885325276e-293 0.0 2.04375984977e-24 1.50323139221e-165 6.69508344689e-77 7.9759014609e-171 3.57116700848e-259 0.0416305182345 0.15507684563 1.66737868566e-175 1.60351858607e-209 1.42634658856e-146 3.98155283938e-147 3.51329861274e-91 1.41262961471e-229 0.0472776294313 1.4777127398e-51 3.408173625e-87 0.133700311595 4.52635018378e-27 1.90489493202e-19 8.31409528551e-16 5.18768538024e-78 8.30637683935e-21 0.297799869757 9.99344246991e-119 3.73033576161e-67 1.71451895113e-121 0.0191808143819 1.16462018578e-263 1.374836992e-224 4.41160603703e-29 0.116202903568 8.16088990273e-224 0.111958563814 1.89599620927e-102 3.66461384075e-51 2.84417160308e-143 7.57614106424e-158 1.40241240864e-134 
3.54265541754e-92 3.17270919156e-68 0.11071617766 3.92151605394e-165 1.03810881708e-62 3.16954348619e-108 5.28889634114e-125 5.17895685391e-06 5.23311657198e-105 0.0 6.89689917686e-124 2.96151227491e-117 4.06524558892e-283 2.94758856446e-223 2.12308219143e-254 3.13047691722e-10 1.72549135189e-22 4.92035496451e-68 0.478600356587 4.09607147592e-288 0.0 2.175035074e-318 1.43482754421e-197 0.0 3.23908357931e-146 0.0 2.74655261132e-196 2.36875160064e-214 0.0 0.0 1.52745655098e-109 3.6213500327e-28 2.26192654908e-47 1.5784634409e-161 1.20435608338e-79 0.0591934457895 2.94749492584e-161 0.351484840693 3.46795230907e-85 0.0 2.84993868079e-222 8.9194360694e-176 6.43010289405e-79 1.88203993225e-64 1.11492184379e-104 
0.0603722321758 2.3794483874e-192 3.95837292538e-255 0.149677780348 1.06852099139e-23 7.83278409148e-144 0.0 0.0135301562853 2.89425370338e-83 3.84557675646e-69 9.42548357509e-102 8.10981082448e-79 0.11525730388 0.17589879211 1.59338296401e-87 1.04287867632e-300 1.26108286764e-94 3.36706080535e-92 3.86644452454e-128 1.46272846636e-196 4.0810677216e-15 5.62609854236e-27 1.24725992655e-64 0.173806549039 8.64189004675e-05 0.0195055831993 0.0129503648636 0.249320550478 3.99283894881e-73 1.19608363933e-44 2.74629875272e-102 5.27757534306e-22 5.41544150248e-73 6.04061102704e-137 0.0 3.32065159035e-185 0.0295942687201 1.24435645885e-46 8.91296552839e-133 4.35925695095e-97 5.83619927414e-33 5.14231654728e-107 1.56277757101e-80 4.4648785063e-91 1.27787477009e-96 
0.0 0.274608320415 0.00812896187977 0.0 0.0170643398879 2.85198580492e-12 3.19618597408e-27 0.0096170934072 0.168768490966 2.0905465355e-160 1.39046674201e-35 2.00968280392e-101 2.47389249101e-258 0.0 2.37673156323e-81 0.0171049441154 0.00463299253047 0.346251867197 1.83987286226e-303 0.0 0.0 1.04690965144e-166 4.51831414225e-37 0.0 0.0 0.0234443796229 4.90174949832e-201 0.0 8.49598932814e-10 0.0 4.32762557962e-138 4.83598374925e-15 4.7506688463e-19 0.0293399950131 0.0178032790441 0.0765491959175 0.0 0.0 0.00668507266909 7.07590546155e-275 1.02174226487e-285 2.38448464132e-188 6.51093502803e-21 1.06648191002e-06 7.11452326609e-71 
0.0218937787143 1.00660560121e-50 8.59670064929e-08 1.92355463981e-23 1.88694289432e-66 0.0735315885139 2.44080265254e-24 7.65530249956e-106 0.1330000087 9.15347243601e-172 0.0197586391296 1.30584768432e-56 1.16973954078e-22 1.51769265863e-25 1.28755546998e-92 0.0325220294683 2.31964221905e-06 0.263305548884 1.2613114181e-147 3.9849056905e-90 7.64887879912e-124 2.98962815416e-19 8.99605233997e-81 2.49887869937e-169 3.24646991241e-27 0.0158720980331 9.18435744236e-42 1.70550889642e-20 7.41850401931e-68 7.96083146965e-240 2.31740601086e-66 1.26201335408e-35 9.57686717623e-23 6.96392906871e-13 0.0 4.5847269675e-20 0.112514775772 0.0 2.51299835467e-17 1.76568840909e-168 0.0198966236082 3.22031224691e-161 4.93458607901e-26 0.307702503566 2.39301130249e-13 
0.0 3.644966688e-16 1.60451563975e-27 0.0 5.50504846675e-28 1.37630786824e-08 1.40015328353e-73 0.0 2.79398231114e-11 0.0 3.68110667332e-19 8.39357986483e-212 0.0 0.0 0.0 1.53837775965e-58 0.412022233017 7.46444186161e-57 9.03167828303e-42 6.71410849164e-260 0.0 0.0 0.0 0.0 2.32766774139e-236 0.0 2.8319082622e-131 0.0 0.0 0.0 2.16175775747e-47 0.0398764159548 0.0387578962647 3.78938298161e-290 2.24948763733e-126 3.92740294635e-43 2.11045091213e-254 1.23030763889e-12 4.31940139597e-48 0.0 0.0 1.81532826399e-116 1.44373097771e-68 0.509343440971 1.79918313735e-41 
0.0 2.13622286703e-37 0.0347430748343 0.0 5.16916939498e-09 6.29740595414e-18 0.0 0.0 0.164750113668 0.0 0.0666974047736 0.0 2.05778341493e-320 0.0 0.0 2.23260109299e-198 0.527945402951 1.12894369852e-22 0.0 0.0 0.0 0.0 0.0 0.0 0.0 2.71665217254e-295 0.0 0.0 0.0 0.0 2.28983882162e-27 0.0524420326408 0.0336999966425 0.0 0.018788788326 0.0959150830181 0.0 0.0 8.7163526982e-19 0.0 0.0 4.94996417547e-290 1.37277532379e-27 0.00501809797679 2.19921005513e-28 
0.0200041496498 0.00690879600977 2.99630736808e-286 2.91887648054e-25 1.80556132686e-33 2.40734394472e-56 0.0 0.0171964046106 7.94221415454e-43 5.65387595424e-72 7.61425548804e-41 0.0516128869417 3.1973028532e-08 2.16811719237e-07 2.96417680379e-210 0.0 1.10044121705e-34 6.59925308582e-46 6.70092555695e-64 8.06184608643e-58 3.63934038684e-80 5.55120339603e-24 5.11534643158e-93 0.023942813502 1.87285381675e-106 3.78760056924e-08 9.66702019259e-15 5.29308296186e-47 0.079512906135 0.0119633484509 3.05706005997e-137 0.548358661429 9.96014143767e-46 5.05580634886e-05 0.0 3.68937605635e-112 0.240449188547 1.20705889377e-59 5.27556425521e-75 5.15312626838e-60 4.62051000222e-37 3.80085511391e-169 1.8254123038e-38 6.72266116987e-33 3.55082331835e-85 
0.571355917673 0.0 0.0 4.29037860086e-49 0.0 0.0 0.0 3.59572780305e-82 0.0 2.48400960659e-113 0.0 4.64878176058e-79 4.95049747938e-24 7.32202122524e-65 1.65232044599e-152 0.0 0.0 0.0 3.72915734537e-69 2.23989667257e-107 4.21466161442e-60 2.1622905702e-67 1.0893073894e-85 1.27661038639e-26 3.12067820539e-43 8.89813100518e-32 0.401132686532 1.0604096691e-98 1.15688213192e-53 6.6096958775e-32 0.0 1.84466474014e-317 0.0 5.69069809003e-52 0.0 0.0 1.80823142967e-52 0.0275113957953 0.0 1.53468254937e-130 1.32237127576e-23 3.53841159422e-112 0.0 0.0 0.0 
4.69448145334e-06 0.0 0.0 1.23653969668e-73 0.0 0.0 0.0 0.120062247719 0.0 0.121078973068 0.0 1.09027818874e-63 0.0533047499665 0.0158843564733 1.03095898745e-211 0.0 0.0 0.0 0.00829010231749 0.00646966744768 0.368933733115 1.20395298895e-80 1.14743530486e-69 0.134165778426 3.48868687198e-74 2.81108425846e-47 6.56109928549e-16 0.0499045224834 5.98153545498e-33 0.106370462803 0.0 5.47128296205e-319 0.0 0.0154915531135 0.0 0.0 7.02292543859e-59 3.91585854959e-05 0.0 2.89903208722e-87 5.61974744648e-107 1.19075547721e-61 0.0 0.0 0.0 
0.0 0.0916255456372 1.20399606216e-11 0.0 0.190142802765 0.155059723968 7.40145865357e-29 0.0 0.000897267550083 8.0405951924e-248 6.96886226981e-31 0.0 4.31136013061e-55 0.0 1.97831904491e-220 0.0854486841442 0.0266534540726 0.00667672477756 0.0 0.0 0.0 2.47255917122e-105 4.56714626736e-137 0.0 0.0 0.240590063469 4.44233054785e-216 0.0 3.90677884343e-43 9.22607757799e-196 0.0104375292433 0.0486465508637 3.15624523688e-22 0.0609599065811 4.51582100864e-12 9.47029651342e-09 0.0 0.0 2.23585660866e-09 1.88093712044e-174 0.0 1.70678576276e-153 0.082850014657 1.17205488256e-05 7.50051544452e-14 
0.0 5.94306471866e-56 9.37493634531e-44 0.0 1.48021897521e-43 8.18185104412e-51 7.45299388037e-149 4.15721420381e-133 4.14119627059e-66 7.35201483498e-284 7.01682099406e-67 1.75066044196e-230 7.64550953303e-94 0.0 3.41324145507e-206 2.95319583461e-32 3.15340088025e-62 3.03983025437e-32 0.0 0.0 0.0 2.87184102776e-176 4.63423221274e-168 0.0 0.0 1.66970766e-42 5.94443729071e-184 0.0 7.20262265705e-101 1.61612684573e-217 2.42358163522e-73 4.88997920171e-63 3.38974607278e-71 4.71530711296e-59 1.0 4.45909427036e-55 0.0 0.0 5.81291285034e-53 3.7085282063e-303 0.0 4.05220093852e-201 1.39325042658e-26 5.44826559721e-64 4.4660372817e-55 
0.0103326180652 2.96643035527e-09 0.0643550488457 0.481644049888 0.00477052998099 4.07612072488e-12 1.67486288427e-15 0.0439074442258 2.91851713383e-06 7.82424448983e-195 4.18574047161e-09 1.22494771987e-93 3.37192057596e-164 2.97626264544e-224 2.27787997702e-92 5.04183238266e-10 9.93992698236e-06 0.0591123927479 2.1479392852e-287 5.86398275398e-34 0.0 1.29999448894e-60 1.11333998321e-107 0.00388568720597 0.217560186015 0.0 3.96702476367e-88 0.0154174632714 0.0 0.0 6.45946376756e-46 0.0406095792504 0.0102440683794 0.0 0.0 1.90664553436e-71 1.12351811951e-69 0.0 6.18342851568e-37 0.0 0.0358269923888 6.68013520878e-147 3.27462103556e-36 3.86257738826e-07 0.0123206873735 
1.15015279192e-165 0.0387960211062 6.0880589756e-20 2.89335152955e-283 5.58375957556e-14 0.0605306797689 0.0681636533232 0.0 2.31724878844e-09 0.0 0.0179270769299 0.0 9.85793628656e-51 2.54960482452e-289 2.38380814526e-269 0.0504320382747 2.92281453787e-20 0.0111234275794 0.0 0.0 0.0 1.0378953207e-149 1.55424561853e-280 4.88814099777e-241 4.84932969427e-287 0.0200580815969 8.15129969304e-114 3.079276049e-246 1.18249989182e-135 4.37494490008e-130 4.10580046752e-11 1.526865234e-59 1.64222909141e-06 1.89298694412e-230 0.00658927169363 1.63113387625e-28 8.46498260117e-249 0.0 1.05596807276e-51 9.73643912387e-297 4.5222862492e-310 2.45363525381e-124 0.0219478456613 9.44477959283e-22 0.704430259478 
0.0 0.03025037449 3.31434039379e-13 0.0 0.0638930632391 1.76874937398e-10 7.13064205686e-131 0.0 8.37314404868e-31 0.0 3.61158141855e-11 0.0 8.14697554608e-39 0.0 7.84541424105e-92 1.83109235991e-12 6.41721632759e-42 0.0659034821862 0.0 7.18889744933e-306 0.0 6.32470879978e-172 7.97783085258e-245 0.0 0.0 3.03524782388e-27 1.97129798367e-105 0.0 9.75530109814e-117 2.39097686667e-27 5.9031493186e-17 1.39307009872e-34 4.96158366993e-38 7.39637024626e-121 0.0356599338284 0.638476663264 0.0 0.0 4.01842140118e-29 7.46279760421e-286 0.0 5.58846381031e-129 0.10750772315 5.35474102434e-37 0.0583087596273 
0.00443357510947 8.03114815762e-66 0.0350211826118 1.73595442774e-26 1.01841675083e-54 4.15753393406e-13 4.54481677932e-115 5.60986180936e-52 2.0983477995e-14 7.78738656885e-210 0.0480471565367 0.167408408658 0.0 0.0121856274548 3.49796068264e-77 3.06376087365e-89 0.00539071295774 0.0147800181513 2.11112533176e-14 0.0432511723154 0.0 3.05037448329e-17 1.04868786726e-86 4.73502770843e-187 0.657649948729 0.0 2.09372877793e-218 2.59436857502e-46 3.05338025265e-177 0.0 9.83086181114e-40 5.83031477498e-42 9.4570444514e-50 0.00386019768031 0.0 5.42206705975e-64 9.18002916473e-83 7.40692499302e-256 3.11285750363e-27 1.20407120548e-278 0.00797199904514 8.01801086256e-185 2.6276403546e-10 4.87377845075e-10 3.16183679242e-48 
1.54199783893e-95 0.104745146674 0.0341425134468 7.10359414468e-304 0.0292237004302 0.0334867057948 7.6751481282e-180 0.0 0.0598824982803 0.0 4.53131064206e-10 0.0 2.78185840148e-28 0.0 0.0 0.0468820064241 0.0293390212265 4.05355511661e-05 0.0 6.3288019964e-232 0.0 9.3467813838e-109 2.30996377897e-215 3.77548987472e-122 0.0 0.153976227002 9.88171751595e-87 0.00252441440719 2.96102351658e-160 1.04451869865e-268 3.22142432534e-22 0.254569611385 1.18309699961e-11 5.78172293053e-277 6.16726182507e-135 8.51695396429e-08 7.15764919172e-113 0.0 0.00554611930979 0.0 0.0 8.15574746812e-142 0.103382375004 0.0698203664673 0.0724386729626 
0.0 9.85577913283e-19 0.0383392908525 0.0 4.11474732552e-40 0.0940358008472 5.04954580488e-99 0.0 6.46929374591e-10 0.0 0.11124696568 0.0 0.0 0.0 0.0 1.5829334167e-33 0.171551235258 1.85870251816e-05 0.0 0.0 0.0 0.0 0.0 0.0 0.0 0.0 0.0 2.59147346508e-307 0.0 0.0 0.249172307526 4.95774984528e-11 9.07811445691e-13 0.0 0.0132710489815 0.147341812317 0.0 0.0 1.50851032091e-35 0.0 7.62365136102e-314 4.41044347561e-221 0.032809741022 0.141108108171 0.00110510162135 
2.88313300479e-121 5.6760768547e-64 2.4774316443e-87 4.50707174533e-62 7.84218477926e-52 0.397719698582 0.41436437672 3.63655196376e-59 1.30074056023e-11 6.24286084495e-257 6.07477632136e-14 6.75568304594e-131 7.69411113077e-192 8.63970407913e-79 9.44822014141e-110 5.63510687386e-40 3.96249112525e-22 6.65855840143e-34 5.29523157054e-225 0.0244867494094 0.0 5.1989679866e-96 6.55487999642e-157 3.16493865165e-110 2.35097646512e-63 2.64518736667e-192 1.11806492599e-186 1.12694981025e-73 2.45954731682e-236 0.0 3.70149645443e-51 6.56306857134e-30 0.163426328878 5.8429284551e-174 0.0 4.69054891413e-61 2.40572547413e-125 0.0 5.09968277198e-26 6.80231432952e-314 2.89298776882e-75 1.00041584329e-205 4.94817508489e-39 2.84639799755e-06 3.90135648319e-30 
6.15675423482e-249 7.95050957067e-23 0.22594267363 0.0 0.0228300497902 0.232483418889 0.0360256034208 0.0 1.12568490143e-10 0.0 1.22487815228e-06 0.0 1.32408576244e-55 0.0 1.81406688028e-242 0.0965341389122 0.0164878467629 1.49370582158e-31 1.21532701228e-193 0.0 0.0 1.01558143601e-151 0.0 3.33045616189e-269 0.0 2.40607123995e-32 5.60831147904e-110 0.0 6.30360449842e-131 3.0385730634e-54 0.00890014967468 0.290492407948 0.00343789523356 0.0 3.56699703618e-07 2.34626829404e-26 0.0 5.38878732229e-157 1.54865597505e-21 0.0 0.0 2.17521707523e-143 0.0406569826117 0.0262072514362 1.61215731217e-13 
1.31497169263e-14 2.96600797269e-09 0.121150315569 0.0762502940482 1.0985562126e-35 1.29034148094e-15 1.63318214901e-55 0.0112326480252 1.50094774024e-07 7.63805298221e-243 4.62871512747e-11 2.16434327244e-66 2.18690945675e-99 5.06829036995e-33 3.25305053359e-68 0.0502900777636 5.74813280539e-07 0.022930157243 1.36351411695e-57 0.0281385049725 1.74165057078e-318 1.40949281471e-60 2.31048492696e-112 1.01872061125e-224 1.82361688777e-18 4.55606485807e-112 1.06366234369e-98 0.180715712402 9.34056055491e-151 0.0 5.62263178583e-16 7.00282463321e-11 8.13177889747e-23 8.41464522745e-40 8.58077337821e-221 1.37855761256e-14 1.59925442835e-06 3.21710169905e-255 0.0531397644175 3.81020437369e-221 8.23006039243e-51 4.72312367426e-124 0.111449350881 0.0882952539526 0.256405593481 
1.88933214015e-39 1.40327766256e-59 1.17313673302e-25 0.237344693934 2.54193381778e-26 2.8693008326e-07 1.42223154906e-13 2.43844643142e-28 7.49525898135e-05 2.07284195211e-164 0.0499526908457 0.028406891996 6.90509115731e-09 0.0849133387199 3.74305255565e-56 2.32099114815e-12 1.12067380661e-44 2.77470757477e-12 1.17394788648e-34 1.50843629906e-13 1.94307153035e-180 0.0913671427126 1.16676310128e-92 3.43545952074e-208 0.214737001435 0.0943912868255 0.00324004411641 0.122149118653 3.99918271732e-45 8.35938330198e-249 2.29209171488e-91 4.90173645292e-29 1.98718142002e-60 0.0733039427313 0.0 6.79913495285e-35 2.26999027385e-10 1.06990924117e-258 2.80489439225e-17 3.39789214441e-154 1.32799767684e-17 1.17031358877e-117 2.8537729949e-54 1.69183694205e-11 0.000118601356116 
0.153478627337 8.02447475913e-70 4.56129660076e-55 3.05676770165e-14 0.0359093883873 9.36921258679e-28 0.0 0.0385427752189 1.43164798612e-10 3.17172458312e-186 7.22662899554e-37 3.41997320914e-53 6.50764696437e-19 0.0244525497286 1.45609188499e-91 7.30229330333e-112 3.11675104775e-31 8.44860689118e-34 0.0497938207118 7.93613522637e-137 0.101003538868 2.21941880896e-45 4.78176099012e-111 6.22428799308e-17 1.49221660451e-58 5.07579608655e-26 0.0805435968213 2.09908840382e-24 1.57389365505e-62 5.32774626513e-70 4.99492395332e-91 2.47493568224e-12 0.0256972054182 3.59604545482e-138 0.0 3.23128990563e-65 1.15029492953e-53 1.42788448455e-99 2.25250425011e-32 0.0199529009308 0.289486640395 1.4037099218e-183 0.119630916672 0.0615080393654 4.12726671081e-54 
3.85919216629e-07 6.70610442332e-131 0.0 0.00588134722264 1.62550150192e-238 2.46259856627e-79 0.0 2.61423131692e-59 8.57411671131e-50 0.0203506943394 2.71883675235e-37 1.19641975054e-268 0.309013858111 0.0384815106338 1.15545889578e-109 0.0 5.46831282483e-31 1.97271949502e-28 2.71610273709e-231 0.0 0.438365539338 0.0520802907661 1.99984315321e-89 3.37710268493e-12 0.0131993137874 1.01812048816e-10 7.99791742075e-09 4.02175050855e-66 3.01113294883e-06 0.107899794554 0.0 0.0 5.7213779711e-288 0.0147242460922 0.0 2.66510917905e-101 7.35295250255e-30 3.36560995584e-164 2.53981702889e-74 5.51405980937e-37 2.09312856792e-138 4.18295086689e-103 2.03846210348e-32 2.658616611e-118 6.02121362567e-224 
4.61749767311e-38 2.24278091762e-62 2.99453240606e-276 2.3763260543e-59 2.40929590665e-250 1.08928825755e-252 0.0 6.77644153399e-157 1.65526088379e-247 0.0736939492402 2.08012149302e-254 2.09934316001e-219 0.0489286119311 0.00802808759976 0.00371511877903 0.0 4.85786841509e-171 9.00077702469e-174 3.72807995315e-215 0.00881272980057 5.54278380268e-21 0.0484990678894 0.00138160273677 0.735593167723 4.52232541164e-162 9.93600460204e-18 3.1604352624e-60 0.0177053925216 8.41608455807e-60 0.0231054065327 0.0 3.28054194426e-245 9.05186738552e-230 6.99790724479e-95 9.4131450297e-258 1.00634073233e-242 3.37500694717e-23 8.9823327643e-53 1.74262071342e-235 0.0251447575421 2.14294171042e-98 0.00539210770364 9.72202045166e-168 1.54463256264e-221 3.77901834616e-264 
1.01604508012e-145 0.0323730595195 3.74231319237e-130 1.92936356611e-180 6.03243201171e-29 3.86718057329e-14 0.0 0.0 3.32443613229e-21 0.0 0.571929064864 0.0 0.0 2.38085382969e-222 0.0 0.0211905715088 0.220195833556 1.7949623983e-18 4.71822810465e-319 0.0 0.0 3.31814345328e-231 1.2486191424e-247 0.0 3.21823767078e-284 0.0 5.80357727018e-222 2.86876529883e-149 0.0 0.0 0.100890357984 5.25212290678e-28 8.80058107086e-40 1.38211784954e-223 3.40237270602e-199 1.75477444563e-12 4.42413990147e-115 0.0 3.45181524183e-31 0.0 8.68621195962e-256 4.86061920991e-150 5.06310857321e-22 0.0534211125658 1.21683347614e-45 
3.36559037013e-80 4.69771090175e-89 3.27010334931e-21 8.16019704171e-72 0.52304090133 5.4403458366e-21 1.80373534792e-194 2.53307813826e-38 1.85581931083e-28 6.04837707782e-77 2.52164268249e-51 1.18597916187e-234 5.40787485788e-20 8.80122368168e-77 1.75415715357e-159 0.202629348178 1.00085009559e-150 8.25326031999e-146 2.30124284506e-84 8.58349322417e-100 1.41937327634e-26 1.42023022765e-46 3.9238048926e-150 0.0649384960075 0.0091322844292 2.09108570391e-26 1.82297917774e-134 8.05201617229e-131 9.10595940779e-49 3.45593823544e-95 4.25427641371e-62 2.43869708072e-07 0.16012296937 2.42418209208e-108 0.0 2.78369319237e-70 1.47140791645e-79 1.19476817707e-185 5.9609719233e-17 1.18591774203e-53 1.72637971881e-65 1.13861401717e-41 6.32258046271e-141 0.0401357568157 1.90077335373e-38 
1.65945859337e-31 1.9217686e-96 2.43002503036e-183 5.49172201869e-30 0.0253071857664 2.89289003633e-214 0.0 0.190909776183 8.30259986123e-92 0.0354732747101 1.78427092977e-52 9.88685377652e-41 0.0156274852188 0.100865451841 1.14771004425e-117 1.18565137439e-242 3.99597508353e-87 2.17452152624e-84 8.34239010657e-48 0.00920493553946 0.109068748511 1.0982157909e-19 5.71044475459e-66 0.0777869506916 8.8135066879e-08 1.92111815733e-24 5.16708407179e-31 0.0369759412371 8.26425507404e-05 2.82459609387e-43 1.24777091784e-97 7.81444118517e-14 0.0168146331718 4.02268060751e-28 4.03217459164e-305 4.37071266601e-180 4.71768391832e-05 0.242438827679 1.21960099214e-174 8.651737759e-45 0.139396881926 2.55165990521e-57 2.89184216818e-85 2.28963508036e-92 4.91349716736e-38 
2.04021780272e-33 2.89824505131e-47 0.0343220970079 1.8356946516e-125 3.10188898176e-12 0.46158987963 1.34477541869e-05 1.28517850723e-157 2.39240791262e-08 0.0 6.57941363056e-19 1.36831657156e-146 3.60771093075e-95 3.35410983121e-237 1.78908516088e-172 1.50534935788e-07 0.400106050396 7.85251638299e-17 1.38519598918e-222 1.26221482515e-252 0.0 3.54815768439e-132 2.40653327182e-145 1.16039983384e-71 7.67916593822e-156 2.81446396167e-97 1.70987761179e-77 4.2719597821e-226 2.07223552353e-246 7.81415949667e-287 0.013194125784 0.0354119681315 0.0540880835347 0.0 4.63567281494e-173 6.75067492956e-63 2.96180769548e-203 4.02114508852e-288 2.2130264077e-37 0.0 8.37423270419e-191 3.57209096676e-160 1.9598453595e-17 0.00127417330054 1.00851011512e-27 
4.29532951035e-242 2.64201593862e-77 3.92240545692e-39 4.50979283906e-305 3.02365212762e-14 0.0402626102182 0.0437021963748 0.0 0.416642082894 0.0 2.82862074907e-17 0.0 2.27252084833e-38 9.77259874745e-259 2.87934048206e-291 0.0980305585058 0.014516369827 0.0374776465815 0.0 0.0 0.0 1.70560692408e-122 4.94338809588e-249 0.0 0.0 0.096385165881 1.73740649795e-145 0.0 1.09035586809e-58 2.998673099e-239 8.86219694601e-57 0.0207615413967 1.87126743966e-30 0.1621780758 2.43239188409e-72 1.90736849989e-69 9.27719411684e-301 0.0 7.20812318934e-22 1.11443531188e-176 0.0 5.16942667876e-216 0.0700355812003 8.17132126053e-06 3.77915116635e-46 
0.0534401781818 0.0111998065082 2.57059886357e-89 5.16173802725e-102 3.05797721084e-113 0.0 0.0 0.0136288291059 1.18797159008e-189 2.35531803935e-24 1.62272834714e-198 0.0846938439196 7.95679032991e-42 0.0585780889761 0.00958448969564 2.8527597696e-270 0.0 0.0 0.0266697665376 0.0828366448849 0.037486695568 0.0178886452647 0.0827053038624 3.16391779245e-46 3.92791783741e-51 2.17148931472e-65 3.78796065604e-105 0.0411356814952 8.55603599004e-15 0.0197925846799 1.19391864621e-308 0.00253421441023 0.00892773847089 1.16654477715e-25 2.06664913076e-97 1.37342249001e-88 9.96343245948e-63 0.0087886646719 3.4090529563e-322 9.70263116677e-95 0.0828163166103 0.357292507157 0.0 9.51962118479e-99 5.53107351135e-103 
5.27650572154e-173 1.14404314192e-07 1.07732656361e-19 1.49248576382e-150 2.91754839573e-98 0.000123568957983 0.0424140475784 2.44239097164e-183 7.12692762243e-34 6.57538216563e-257 8.80738252521e-24 2.26518273412e-292 8.89394711072e-269 1.35413939181e-101 5.00821852188e-202 1.57318570392e-53 4.56108784222e-28 3.14186732713e-19 3.40730937824e-209 3.30817465393e-157 6.14312768163e-312 2.43626712892e-215 2.72398240132e-167 0.0 7.39903449569e-191 0.0 0.0 1.27896998713e-113 4.38620344967e-168 6.23038603646e-263 0.0768243275029 9.5175871257e-14 0.00456140824518 0.839901438806 1.03126754706e-110 6.00045157763e-19 2.61353584455e-148 5.38544917579e-276 3.65541429456e-23 8.74013213454e-202 3.33098942712e-235 7.12303886922e-144 0.0350185153817 0.00115657912384 1.05015345587e-17 
0.0 0.331332330344 5.95557484465e-20 0.0 1.63875092413e-56 0.0193165855656 0.0144912668873 0.0 4.94342982406e-16 0.0 9.3952914075e-32 0.0 6.26532420361e-37 0.0 0.0 1.93590306929e-56 0.0415039159899 0.0640335251588 0.0 6.27865548071e-301 4.12182192676e-96 1.40353756608e-23 0.00698288432354 0.0 0.0 0.169636940325 1.24302737188e-78 7.68563214706e-280 1.10557608273e-100 2.46365604601e-294 5.87190054246e-134 2.64800764386e-09 1.30112155236e-62 0.0289649143433 0.120814576544 5.68589040566e-46 6.67088634868e-217 0.0 5.91144835699e-40 2.15008801357e-198 0.0 1.65857789833e-168 1.50042430464e-23 0.20292305787 1.21864334439e-89 
0.0982082808596 9.81708947045e-104 6.82645988151e-114 0.102494047514 0.0177905080344 3.15523008343e-128 1.26208688892e-107 6.60692501111e-287 2.05022073788e-76 0.00679456290625 4.3896911506e-97 6.49137402638e-316 6.6314341592e-25 0.0296151422775 9.8047319577e-41 2.8158629628e-13 6.90316731769e-55 6.0508805044e-60 1.93863527045e-201 3.58274472483e-32 5.07526116594e-05 2.40043376599e-62 9.42668590805e-18 0.0247485101887 3.00611359518e-40 0.320285488037 4.91412127985e-21 0.0909529178371 8.46151607482e-113 4.81146197678e-242 0.0523880927724 9.71917219357e-62 1.39294893148e-123 4.30265590826e-232 3.02758091774e-86 9.48217617317e-64 1.2715677267e-20 0.0 0.0316470874468 0.0 0.225024609515 2.18240366436e-199 1.64944331117e-25 6.11553351262e-138 5.40462012965e-108 
5.58199071841e-42 0.0 2.55903065575e-284 0.219197793827 0.0 0.0 0.0 1.88855273724e-53 0.0 7.50596447106e-66 0.0 0.130604532648 2.33686187719e-06 0.123280356486 2.72366851174e-114 0.0 0.0 0.0 5.44586141753e-98 0.0177080072291 0.0790536465918 0.00510780115853 5.68463482335e-67 1.3066570278e-07 0.052573610409 6.3162328931e-15 1.4023817892e-09 0.039643937737 0.0361561504486 0.132301656023 0.0 0.0 5.16012375921e-147 0.112660026057 0.0 1.50977034669e-302 3.11398391014e-13 2.95523446682e-12 0.0 1.0067800823e-140 2.15181702342e-15 0.0517100124522 0.0 1.52729111455e-306 1.19495472698e-233 
1.83420149188e-11 4.19752280547e-76 0.0 0.0890277502156 1.61689126185e-54 4.99109545776e-163 0.0 8.9121170396e-19 4.22664603846e-98 3.54886306557e-29 1.03083921352e-145 1.16117536787e-164 0.137441256638 0.0159524596515 1.60030054208e-107 0.0 4.66458077746e-147 1.45570211464e-137 1.81184043676e-175 3.31185209461e-206 0.352482976464 7.19975294964e-27 3.75393830669e-96 0.167244796615 1.04932471306e-13 4.31392122804e-07 0.158445891046 6.95838634795e-64 2.42979374411e-37 2.75165077342e-22 1.95268130073e-143 1.4772985071e-68 1.25082747636e-116 8.03138753295e-55 0.0 1.00804794039e-179 0.0794044379588 6.73956258863e-14 1.72748530215e-164 6.6455578143e-61 6.35410192815e-86 1.78698793305e-83 5.47952998972e-130 1.06239564266e-56 1.77002798612e-144 
0.0199253325488 1.54853327363e-80 0.00906486893951 0.0205755595026 4.06021575766e-93 0.0483157900715 0.0 0.315927070243 1.22857561331e-17 9.12724020547e-96 3.37699817092e-23 0.0067135982954 6.31184610974e-58 0.141889928574 6.89475944319e-153 3.91866556712e-42 3.12349986762e-52 1.07820428474e-63 2.77484306526e-23 2.22723843105e-67 1.39131246742e-45 0.00275014774779 2.60043165004e-63 0.197447683059 0.0279129965965 6.42297185834e-55 8.72032458473e-36 9.99979498715e-61 0.05557768441 9.33569099291e-33 4.32532945697e-238 3.82332482111e-131 1.24863926445e-109 1.13741453077e-09 0.0 2.395886126e-60 1.79590167344e-19 0.0719032174635 3.69666819535e-33 7.09954611379e-69 0.0819961214108 4.21941849645e-125 4.07243734042e-33 7.19073969849e-56 1.82404187527e-164 
# The emissions
2.12089908157e-191 1.12008218119e-45 1.61382278416e-51 6.02869138227e-64 3.4477254596e-199 0.0180721966367 7.95534695642e-52 2.46402826881e-154 0.0 2.800188179e-64 1.02301743891e-223 1.11017104421e-19 0.00711053582256 1.93817963449e-16 3.44459568564e-192 3.97445544254e-39 0.0 1.80827628838e-27 0.951094486651 0.0139600672876 0.0 8.29612028217e-76 3.04937183056e-43 4.53229721827e-80 0.00976271360245 5.49979260596e-55 
0.492982314713 0.0 0.0 0.0 1.41596990929e-27 0.0 0.0 0.0 4.61732108876e-10 0.0 5.78614332322e-195 0.0 0.0 0.0 2.56201101493e-08 0.0 0.0 2.97552732058e-248 5.20015104843e-192 6.55481693848e-287 0.507017659205 1.9860708e-75 0.0 0.0 0.0 0.0 
1.51746517971e-15 1.97010990959e-281 7.00576539659e-287 1.24826653728e-283 8.7738703081e-23 0.0 4.49418766204e-245 0.0 0.990508835634 0.0 1.52800073849e-133 0.0 1.26618255279e-310 0.0 3.14693712002e-27 7.68684112163e-278 0.0 5.10725298149e-111 1.8544365476e-159 3.29320372361e-255 0.00949116436621 8.41181595821e-118 0.0 0.0 0.0 0.0 
5.86460836123e-113 2.84546678212e-129 3.41807178421e-46 0.454928564797 1.95847589929e-136 6.39917646533e-232 0.0339768732856 0.0 5.84907033629e-93 8.8727501849e-113 6.13576830471e-35 1.24359578065e-44 4.60537204544e-35 6.96484766754e-36 9.16074955082e-120 2.57505621405e-52 0.0 5.51077474821e-53 0.100707183973 0.374184983383 0.0 1.92689431021e-68 0.0 5.19208312699e-258 3.93380334415e-23 0.0362023945605 
0.107701771376 0.0 0.0 0.0 0.892298228624 0.0 0.0 0.0 1.17615050385e-26 0.0 0.0 5.12708250719e-229 0.0 5.0801354378e-286 5.52020950713e-39 0.0 0.0 2.90001820773e-169 2.08924857582e-186 0.0 1.41257556932e-95 2.06608016794e-137 0.0 0.0 6.16436035936e-215 1.1365771581e-244 
0.991087921403 1.82409036445e-320 0.0 0.0 1.43418117878e-16 0.0 0.0 0.0 1.71111229587e-40 0.0 6.49544982253e-122 0.0 0.0 0.0 0.00144196579328 0.0 0.0 2.97099282527e-130 4.73395325734e-98 0.0 0.00747011280401 8.59793984485e-194 0.0 0.0 0.0 5.82405323214e-288 
7.91507512186e-101 1.17510320422e-237 4.77062155721e-193 2.5232084883e-206 6.76126654104e-36 4.24362259404e-105 5.34959243035e-166 2.08957397261e-122 0.985903007712 0.0 0.0140969922883 2.21783263573e-159 1.25270099781e-142 0.0 3.56572225703e-76 8.44270932463e-264 0.0 2.45207493488e-109 1.45121679973e-176 1.75258847238e-80 1.29745012132e-250 0.0 0.0 0.0 0.0 1.36253398019e-170 
5.74643368027e-141 6.69476842922e-25 0.908191091076 6.83024504721e-25 5.22141939962e-174 0.0863195536992 1.03545396605e-71 7.27132986034e-228 1.20295548186e-291 3.99113025043e-35 3.50248244853e-287 2.47866740608e-36 1.55697348934e-72 5.36815785025e-62 1.45272042567e-82 0.00548935520401 0.0 1.63748960594e-48 7.92977383897e-43 8.33591249052e-25 5.59729674506e-244 2.07025398208e-11 0.0 3.92670877128e-216 5.47536998824e-58 8.04781626215e-103 
0.768431187961 0.0 0.0 0.0 0.231568812039 0.0 0.0 0.0 6.57602012602e-40 0.0 4.92689329744e-195 0.0 0.0 0.0 7.02175592416e-15 0.0 0.0 0.0 1.27699191973e-141 0.0 1.13256441064e-112 5.06152505912e-173 0.0 0.0 0.0 0.0 
3.56716890635e-246 1.7607625432e-151 1.16830989706e-138 1.26937371239e-134 1.42594550625e-170 5.45388268419e-174 5.81631325168e-279 1.77340714956e-28 0.0 1.15671251711e-288 1.30594432826e-232 0.132729439656 0.709474491921 3.58498261484e-76 4.46990980968e-168 4.95752647607e-228 0.0 3.39230095657e-77 1.55885666495e-29 8.03507393234e-117 2.15726557758e-302 2.31018913272e-125 0.0 0.157796068423 1.85939085877e-142 3.68759842268e-88 
0.606760922549 0.0 0.0 0.0 0.364315753759 0.0 0.0 0.0 6.36491907658e-52 0.0 9.33252018224e-97 0.0 0.0 0.0 5.07792441221e-20 0.0 0.0 2.40140903601e-317 2.38733542153e-196 0.0 0.0289233236922 0.0 0.0 0.0 0.0 0.0 
1.49093944186e-74 1.00508961196e-30 0.944896155275 3.65889262342e-10 1.33587126803e-83 2.1278860611e-05 2.96032204816e-38 7.66936889547e-60 6.67475303265e-248 2.29838325192e-36 6.40324245134e-139 0.000281625998496 5.55552136245e-07 1.18239760562e-31 1.08670349707e-119 0.0513643945298 2.11825632648e-265 5.43799831063e-63 3.59112836007e-33 3.07872402731e-07 0.0 2.27514771244e-86 0.0 0.0 0.00343567885489 2.69068259929e-09 
1.02456712466e-170 2.10351132826e-50 3.30999156652e-158 1.68796485821e-27 1.14351707533e-164 9.93491485625e-299 5.7950249335e-89 1.82356105686e-182 0.0 2.20274880161e-40 0.0 3.17780031567e-12 2.67453197931e-93 4.74047324065e-13 1.34664916778e-98 6.58050300565e-47 0.0 0.75088974947 0.222521936377 8.54240376393e-22 6.25144415458e-231 1.24510679604e-86 0.0 4.17255818146e-160 1.56347579492e-32 0.0265883141494 
1.62962821657e-185 5.62139796346e-35 7.41484551759e-58 5.26372058607e-23 2.13250433493e-154 2.74455784606e-145 2.04774992203e-38 5.02244391488e-200 3.06317506139e-267 0.29169088724 4.20229846014e-56 5.46066485818e-05 0.542945771647 6.35715967534e-08 3.78100594573e-117 0.00131265175426 0.0 1.11863093164e-17 1.8042735297e-07 1.95082511864e-37 0.0 2.78405719916e-53 0.0 5.84908744585e-94 0.129578897509 0.0344169412025 
2.10184714857e-141 0.0 5.50943325964e-89 0.0 2.66079761058e-151 0.0188545833241 0.0 0.672992176148 6.44059387295e-21 0.0 0.00781717177826 0.0 5.13288465054e-261 0.0 5.94657716118e-132 5.37237094903e-305 0.0 5.41263589218e-59 0.0 0.30033606875 6.48270668832e-230 0.0 0.0 0.0 0.0 0.0 
2.53785550684e-55 0.0 8.12786865451e-195 4.9758775265e-190 3.08754927767e-59 6.97857763883e-162 1.30739957703e-212 9.36228816149e-125 1.0 6.01673128806e-96 1.35258350777e-129 7.73095993163e-147 1.63329213449e-244 4.1426615911e-245 7.46687317838e-69 9.52234321487e-204 0.0 1.82402567039e-56 1.60675459256e-131 1.01147743678e-283 2.70987195687e-71 2.30394740751e-114 0.0 0.0 1.78271919704e-247 6.2896736537e-300 
0.00601052473076 9.12044147924e-287 0.0 0.0 1.8532675918e-10 1.7455181901e-284 0.0 0.0 1.68593767073e-29 0.0 0.0 0.0 0.0 0.0 0.993989475084 0.0 0.0 1.61157182806e-279 1.37974595538e-98 0.0 2.60662118596e-74 2.42218129029e-253 0.0 0.0 0.0 0.0 
0.00249342033118 0.0 0.0 0.0 4.34444583535e-16 0.0 0.0 0.0 7.25876608053e-14 0.0 2.53974705942e-64 0.0 0.0 0.0 0.997506579669 0.0 0.0 0.0 1.39833014416e-306 0.0 5.56781068884e-53 2.98377116525e-216 0.0 0.0 0.0 0.0 
1.38550868111e-106 4.98843861679e-14 0.125599006986 1.73476615413e-06 6.18997205441e-114 0.0133677829252 8.20903973135e-26 1.19175650392e-53 1.44580085248e-146 6.07121272963e-80 0.0 3.95581826952e-47 0.00257139885464 4.3158420246e-38 6.03740679691e-56 0.844059440518 0.0 8.05580125699e-57 0.0144006356898 1.46431933814e-10 4.58993209334e-280 3.04983744293e-34 0.0 1.18161595907e-306 1.13770737243e-10 2.39506056338e-63 
7.60187020474e-73 0.074011975337 0.16146959635 1.12349261149e-23 1.7360560435e-184 0.0869267293946 0.0305875766586 2.53559603966e-62 0.0 0.0365003151022 2.37915687058e-144 5.01487777656e-73 0.0413993746472 0.0557233546569 2.75935476834e-178 0.130837445327 0.309567066345 0.00407453452209 0.022442092945 1.03413802513e-113 2.64466184389e-168 0.0464599387148 0.0 0.0 5.62847282174e-151 0.0 
1.28568642565e-110 1.93623380085e-196 7.56209208856e-74 2.33074031805e-106 5.66267925531e-166 0.0 2.13931710056e-107 2.20216892362e-275 2.53820930552e-291 1.36429148066e-192 0.0 4.21868226067e-22 3.37273168728e-156 0.993442236034 8.60101539299e-102 0.00653487675425 0.0 8.37844781836e-13 2.28872106438e-05 8.85166770883e-87 1.00108400955e-154 1.18029203825e-178 0.0 1.70675928407e-181 4.83345494753e-120 5.51206990485e-70 
5.25374396301e-180 5.58857503516e-61 8.52924136638e-60 0.605548008756 9.61160990372e-258 0.0198443503704 2.28402019541e-57 9.35616756163e-36 3.99336463302e-318 0.00153192464873 3.46225171589e-114 0.00624359428415 9.49724255961e-23 0.0850778095658 1.26110451945e-16 7.69015332605e-19 0.0 0.228461036234 1.04610425156e-09 4.58913573132e-31 0.0 0.0532932750949 0.0 7.78133057196e-250 2.34927459588e-77 2.73651669153e-116 
1.10527357688e-99 3.66849605142e-28 1.99169662481e-12 2.54939783973e-11 7.22684032304e-250 0.0639740440727 2.58403514106e-46 0.385004397723 0.0 0.0399296659659 4.82378614077e-263 0.129456881408 0.142615060212 0.101527772042 3.41452634093e-62 3.95563119741e-08 3.42219750292e-266 2.53541563003e-30 0.137492137495 1.49800528361e-09 0.0 2.97129247952e-17 0.0 3.60092509921e-305 6.27378059611e-28 3.22620323017e-111 
1.72717741947e-107 2.59356539619e-224 6.92415764982e-148 4.83845171642e-164 1.28010603069e-164 5.88919842378e-170 2.01285789576e-185 3.93383185028e-37 0.0 1.7308487956e-193 2.51409645924e-311 1.97555107654e-92 1.76382680402e-177 0.270454365755 6.08439601683e-93 4.28354705487e-29 0.0 8.09639112707e-23 0.718312907539 5.04370797431e-212 0.0 5.52101505215e-214 0.0 4.14040741676e-104 1.37493631191e-154 0.0112327267068 
2.84548199912e-59 1.35088952538e-131 2.02055629548e-25 0.00570280399794 2.33629918049e-57 0.0224110234992 6.31730554647e-24 2.47947672227e-168 4.60714669875e-106 2.04574923461e-143 9.72305920699e-40 2.4166840841e-52 0.0122421230446 2.38869028428e-122 8.34929590976e-57 0.102855547578 0.0 7.79249142312e-116 1.82289403683e-45 0.85678850188 0.0 2.20860691389e-55 0.0 0.0 3.46126512945e-70 2.6667849064e-91 
9.03322310996e-115 0.0 5.82577152534e-164 1.37310517545e-156 3.21346411989e-91 2.40324773123e-250 4.0731158141e-145 9.00914119683e-294 4.39607349482e-73 1.23706876429e-148 2.95299786155e-66 1.47347125554e-34 1.03501275381e-130 2.55044346613e-60 4.12245761075e-101 1.81617288614e-193 0.0 1.0 2.37896675403e-97 7.893786768e-115 4.7108040761e-139 3.05164946964e-17 0.0 4.69192081597e-227 1.67982319586e-322 1.06802355107e-156 
3.32628349346e-278 1.93478327615e-98 0.0121845112082 7.53359714339e-58 2.12812678222e-221 2.88776296921e-203 5.18482527934e-14 0.0 0.0 3.21125984216e-180 1.66978194609e-266 1.05994679033e-52 4.38982881888e-33 0.199832822497 4.82156374115e-232 0.0423163168852 0.0 0.354495741082 0.383727231323 4.93889853102e-38 0.0 8.27248437023e-52 0.0074433770045 4.03918460592e-129 2.07723029592e-73 2.97547123997e-86 
6.69262260921e-100 1.62677893319e-75 1.34604975043e-15 0.0440431660967 6.01350631221e-176 5.28713288316e-13 6.52638932555e-35 1.58481536584e-101 9.42938340979e-228 2.32516405049e-119 9.04822810425e-30 6.35161991997e-32 0.476080583592 3.69951018228e-29 7.8105090389e-83 3.00596464979e-34 0.0 7.55989843544e-43 0.00909783794906 4.61734009239e-08 0.0 0.467517336192 0.0 6.39550398191e-138 0.00326102999624 8.00721128675e-87 
1.56532717162e-220 3.23498721916e-93 3.74241664943e-127 3.92965779999e-19 2.75758869357e-174 7.58648306826e-180 2.29051047338e-36 0.0 0.0 3.30609024748e-125 0.0 0.614316321069 8.10983599538e-137 5.39697450118e-32 2.22677167092e-160 3.87602100425e-78 0.0 0.385683678931 1.06524274428e-22 5.20186300145e-77 3.51744080649e-248 1.33101508044e-84 0.0 3.54223934541e-89 3.34560317989e-42 7.63304112355e-20 
1.01083087352e-158 3.33479103895e-132 5.85244199517e-122 1.85215474251e-82 3.15104715566e-150 8.45763697549e-270 9.38763600022e-230 1.18729459902e-250 2.91996449556e-187 6.74245866735e-257 5.55886470036e-311 9.6370003142e-43 1.91372531279e-276 3.846669568e-37 3.77538519966e-72 1.09395545622e-12 0.0 0.999999999999 1.17753749872e-24 4.94230512602e-83 4.66822856645e-110 1.81720400331e-276 0.0 0.0 5.38008159477e-111 4.01963180771e-29 
8.25347850788e-47 0.0 0.0 3.12157097896e-317 0.907963802524 0.0 0.0 2.25070886547e-207 1.44139464564e-21 0.0 2.31583794697e-306 0.0 1.12810301036e-243 0.0 0.0721879306373 0.0 0.0 1.00538162463e-123 1.11640582947e-242 3.06071440228e-260 0.0198482668387 6.30555168131e-254 0.0 0.0 0.0 0.0 
8.41146115927e-17 3.66664449481e-284 0.0 0.0 1.0 6.04505307672e-224 8.30909925431e-115 0.0 7.16809146942e-58 0.0 3.85250479958e-256 4.88078802907e-315 0.0 0.0 6.36409910126e-29 0.0 0.0 7.68368479881e-98 1.44169274244e-137 0.0 1.6458181463e-81 2.1569461618e-45 0.0 0.0 0.0 3.90707707798e-198 
5.35918289232e-59 1.63834087981e-313 2.55748480336e-315 2.11249032894e-229 0.828749836584 1.44575671926e-195 4.94015760347e-259 0.0 0.144201380616 0.0 1.33102065304e-38 2.48155640525e-240 2.97707099278e-227 0.0 0.0161424603793 2.4123080756e-297 0.0 0.0 6.09560738724e-147 2.20590197871e-205 0.0109063224204 0.0 0.0 0.0 6.37229549572e-175 0.0 
9.2916720332e-133 5.14842493244e-173 2.78324866475e-95 9.18569795818e-98 8.23021603731e-44 1.48908647682e-190 2.95431653021e-138 2.69035399841e-239 6.11762454257e-48 4.58815990096e-135 1.3253357409e-64 1.0 3.47942738645e-70 9.89412096299e-104 1.92777028473e-119 1.94364655245e-118 0.0 3.12925536606e-42 1.45130987995e-97 5.75077879604e-94 4.84368587477e-134 1.10187983726e-123 0.0 0.0 3.93571763314e-56 1.07421053027e-89 
4.89990384272e-45 0.0 1.42981723298e-124 0.0 5.48873355593e-163 5.58222186277e-288 0.0 0.0321267559706 4.86682375465e-15 1.00371047959e-213 1.44830992348e-315 6.28541761606e-56 0.0 6.39804897577e-219 5.63599000526e-174 0.0 0.0 3.88380443755e-80 0.0 0.0 0.967873244029 0.0 0.0 0.0 0.0 0.0 
0.484332577992 0.0 0.0 0.0 1.67305671066e-14 0.0 0.0 0.0 0.300142473755 0.0 3.26976883577e-214 0.0 0.0 0.0 0.0115689161977 0.0 0.0 6.82177070097e-107 0.0 0.0 0.203956032056 0.0 0.0 0.0 0.0 0.0 
1.6369323281e-140 1.65342000046e-55 6.22427925411e-57 0.375314116755 4.02316617849e-185 1.87345732684e-203 0.0755286813479 1.08454809185e-218 5.45444367176e-263 5.23483662925e-107 4.98538637621e-150 2.61668427187e-08 0.0249520392833 0.363840258836 2.16384774048e-97 0.0229174294996 0.0 0.0229268297298 9.08337217778e-05 0.0236520893659 0.0 0.081490005414 0.0 5.24598752252e-139 5.3249837326e-05 0.00923444004207 
8.72739535698e-166 0.911141210978 8.53787905546e-35 1.87618996939e-23 7.95885387104e-89 8.88083684536e-77 4.53858712378e-26 3.33009624897e-143 5.489849457e-166 3.8072923579e-76 0.0 5.90836024801e-35 1.7899572519e-68 3.61049466716e-50 5.49949672845e-94 0.0788684156863 0.0 1.34896186691e-37 1.84677708184e-34 9.18418957144e-26 1.85949319285e-268 1.46670081591e-59 5.34401226517e-276 6.48151931014e-201 9.50453823953e-11 0.00999037324086 
0.751570849475 0.0 2.05461303907e-168 4.95358335229e-177 1.58117056703e-05 2.19714285996e-248 1.99406722704e-317 0.0 6.88712144537e-32 1.6763674453e-107 0.006628245948 2.11731334379e-195 4.28128756038e-188 2.80910585808e-278 0.220586500509 1.22800301105e-222 0.0 4.13331242049e-307 5.04033017737e-137 3.60998928506e-96 0.0211985923625 1.59414292219e-224 0.0 0.0 1.14703284343e-172 0.0 
1.57473790785e-93 3.52897756637e-30 7.14743146195e-46 8.55733638335e-131 7.06607008103e-144 0.0082271855189 4.89807544085e-62 1.49458044095e-167 0.025232941517 1.45219281108e-161 0.0 0.966539872964 8.34288800564e-209 1.05403401009e-130 1.13947659956e-48 1.24251553335e-93 0.0 6.58813142686e-57 3.25170912819e-68 1.14669078614e-162 0.0 4.02175688874e-160 0.0 1.63596481823e-226 1.32243501687e-156 9.85880849295e-89 
1.40866548521e-101 2.84660343113e-89 3.60707630985e-18 9.53186654068e-41 1.00297740216e-103 6.0834380791e-125 0.80149295505 6.01026626132e-189 3.40833571279e-168 1.89244236472e-63 3.65653884667e-158 2.27601713287e-48 0.0265615064807 1.40649463711e-50 3.98594350649e-61 6.55770136542e-14 1.8245390113e-227 6.56365582395e-57 1.89039877496e-23 0.0336950765932 0.0 4.47411126105e-81 0.0 0.00662955664451 0.099837583636 0.0317833215955 
0.0 0.223842744698 8.74313594201e-113 0.0213003807864 6.03598060936e-124 0.0 9.86286980708e-57 1.78782257898e-58 0.0498024222526 0.0 0.0161090792665 0.385279665053 8.35623614104e-181 1.64779643077e-114 0.0 2.4891006013e-136 0.0 0.10018364199 1.19986645358e-157 0.100996385544 0.102485680409 1.1808711555e-304 0.0 0.0 5.07034697409e-40 7.50223410569e-213 
5.34599438199e-06 0.0 9.57415609446e-259 0.0 2.18138426552e-27 0.0 0.0 0.0 1.05822660144e-39 0.0 4.55766099967e-181 0.0 0.0 6.69154891509e-313 0.999994654006 0.0 0.0 1.94053260482e-122 2.7931113944e-173 0.0 3.3383057171e-26 3.45399486916e-86 0.0 0.0 0.0 0.0 
0.672507647496 2.82875591272e-186 0.0 0.0 0.327492352504 0.0 0.0 0.0 4.40281582635e-35 0.0 1.00923698789e-109 0.0 0.0 0.0 4.80634531522e-16 3.67836854382e-310 0.0 0.0 1.1528453554e-180 0.0 3.02069841441e-60 6.78545178831e-148 0.0 0.0 0.0 0.0 
6.16336435072e-26 0.0 0.0 0.0 0.718947386375 0.0 0.0 0.0 0.181548484397 0.0 3.685695512e-109 0.0 0.0 0.0 0.0995041292281 0.0 0.0 1.23507174506e-157 5.17956208934e-177 0.0 5.64065900868e-80 5.39744619603e-115 0.0 0.0 0.0 0.0 